-0.0122684
0.00814093
0.00639019
-0.00205864
-0.0673463
0.0351248
-0.0736152
-0.0732177
-0.0662859
0.0619827
0.0944799
0.0466724
0.00840066
-0.0328425
0.018816
-0.0111136
-0.0646277
-0.165636
0.00712483
0.0144998
0.0518721
-0.0724038
-0.0310201
-0.0225522
0.138747
0.178548
0.0574866
0.0127677
0.17227
0.0461083
-0.0258878
-0.0157654
0.00473039
0.0195284
0.0274483
0.00853569
0.03705
0.0289105
0.0112363
0.0136658
0.0290724
0.0280445
0.0189608
0.0243013
0.0276681
0.0149179
0.0437879
0.050103
0.00740921
0.0154529
0.030538
0.0312773
-0.0224256
-0.11307
-0.111692
0.0484601
0.0340299
0.0389139
0.00182151
-0.00722747
0.0398885
0.0409505
0.0484149
0.0259851
0.0255415
0.0693789
0.0229647
0.0259283
0.0173388
0.0163405
-0.0405164
-0.0277532
-0.0465127
-0.0465072
-0.106148
-0.095902
-0.105481
-0.120906
-0.119489
-0.0922569
-0.118592
-0.0264543
-0.0154966
-0.0174882
-0.0198707
-0.0148348
-0.0478119
-0.0607111
-0.0499746
-0.0666973
-0.0770326
-0.0625299
-0.0743173
-0.0428067
-0.0292838
-0.0146917
-0.0318984
0.00616038
0.00856231
0.0220611
0.014998
-0.00891663
-0.00275116
-0.009272
-0.0152401
-0.008663
-0.0112762
-0.00734053
0.00278993
-0.0801801
-0.0636943
-0.0444548
-0.0614578
0.0247632
0.00359525
-0.00585344
-0.0195796
-0.00014154
-0.022964
-0.0293413
-0.000181514
-0.0623643
-0.0679153
-0.0633253
-0.0537567
-0.0375177
-0.0535745
-0.0398279
-0.0240719
0.0229308
-0.00800422
0.000681145
-0.00150263
0.0261945
0.0264128
0.00776525
0.00892926
-0.000307785
-0.00427454
-0.0643359
-0.0409848
-0.050187
-0.0684303
0.00472388
0.00637283
0.00656999
0.0165744
-0.0286981
-0.0345028
-0.030738
-0.0279693
-0.0637704
-0.0317974
-0.0433064
-0.0711019
-0.0329763
-0.0288746
-0.0303363
-0.0292906
-0.0149932
-0.0231897
-0.0225563
-0.0219491
-0.0203884
-0.0169138
-0.0137914
0.0049526
0.0308056
-0.00434167
-0.0174611
-0.0201404
-0.0150667
-0.00689848
-0.0209317
-0.0232108
-0.0713437
-0.0401916
0.0683318
0.0719304
0.0145156
0.0318254
-0.016689
-0.0413216
0.00307656
-0.0133574
-0.00630909
-0.00571726
-0.0123683
-0.00966538
-0.0157258
-0.0181208
-0.015757
0.00641498
-0.00254842
0.0125299
0.0129169
-0.036144
-0.0234666
-0.0266967
-0.0421857
-0.0420315
-0.0382207
-0.0388326
-0.0412094
-0.0131014
-0.0097457
-0.0189949
-0.0175268
-0.0687063
-0.0770974
0.02758
0.0200156
0.015792
0.0121177
0.0221588
0.0345417
0.0384691
0.056866
-0.0167086
-0.0269811
0.0054469
-0.00142241
-0.0193641
-0.0170494
0.00926211
0.0127989
0.0278784
-0.106884
0.00363592
0.0360877
0.0378478
0.00497559
0.0237356
0.0140231
0.0164312
0.00619504
-0.036163
-0.0214045
-0.0337489
-0.0201089
-0.00730397
-0.00366066
-0.0107011
-0.0135729
-0.0167518
0.00409396
0.0248107
-0.00849714
-0.0155703
-0.0116276
0.0219174
0.0751302
0.068378
0.0152531
-0.0103361
-0.013191
-0.0136836
-0.000230724
0.0102379
0.0157368
0.0704645
0.0479196
0.0195325
0.0217533
-0.0133349
-0.00237327
-0.0456418
-0.044215
-0.0427165
-0.0606901
-0.0405628
-0.0455488
-0.00771077
-0.019088
-0.018191
-0.0219176
-0.0352625
-0.0351521
-0.0651458
-0.055516
-0.034562
-0.0140133
-0.0313621
-0.0103392
-0.0189909
-0.0437197
0.00749937
-0.0216032
-0.0442248
-0.000552743
-0.020857
-0.0178733
-0.00366724
0.0135115
0.0191771
0.021763
0.0178052
0.0032852
0.0284965
0.0290133
0.00352918
0.029583
0.0280775
0.0162098
0.023981
-0.0306242
-0.0361323
-0.0284575
-0.0243854
-0.045673
-0.0340391
-0.0492725
-0.0571384
-0.0231167
-0.026066
-0.0303381
-0.0286672
-0.0380411
-0.0497695
-0.0549243
-0.0440209
-0.033319
-0.0423002
-0.0279677
-0.026275
-0.0212425
-0.0441229
-0.0716785
0.0161629
0.00569081
0.00563386
-0.0294971
-0.0207323
-0.0217422
-0.0665207
-0.0460709
-0.00301324
0.0260792
0.0259555
0.034726
0.018548
0.0011672
0.0131972
0.025236
0.015537
0.015448
-0.0236891
-0.0148416
0.0165258
-4.76424e-05
0.00879579
-0.0795264
-0.105253
-0.0746018
-0.0506086
-0.0484321
-0.0960056
0.0289068
0.0279094
0.0449256
0.0476543
-0.0415426
-0.0468269
-0.0252115
-0.034447
0.0100726
0.018392
-0.0307083
-0.0282049
0.0346046
0.0360964
0.0276392
0.0639167
0.0863351
0.240919
0.144933
0.0175463
0.00950464
0.0208017
0.0169209
0.00392239
0.00506807
0.00467057
-0.00700211
-0.0581554
-0.0491496
-0.0441758
-0.0509628
0.00164652
0.00064823
-0.00663718
-0.0151841
-0.0326306
-0.0193975
-0.0261862
-0.0593981
-0.00270986
-0.00321701
-0.00056956
-0.00822034
0.0354843
0.0251387
-0.102365
-0.0677759
-0.00977891
-0.0256525
-0.0348954
-0.0418188
0.0604118
0.0452654
0.041027
0.0555019
0.00323911
-0.00107856
0.0115056
0.00901588
-0.00632134
-0.0177657
-0.0154606
0.0255236
-0.00258964
0.00537989
-0.0107689
-0.0119014
-0.000560066
-0.0231673
-0.00987646
-0.00079175
-0.0127117
0.01118
0.0189813
-0.0458834
-0.0566798
-0.020048
-0.0157903
-0.00113907
-0.00178348
-0.038837
-0.0437468
-0.0362378
-0.0697517
-0.0382351
-0.0322062
-0.0580134
-0.0214919
-0.0244425
-0.0216786
-0.0264017
-0.0268016
-0.0155979
-0.0222938
0.0403161
0.0403212
-0.0139141
-0.0442197
-0.00334241
-0.0393718
-0.0529944
-0.0435694
-0.0251028
-0.0256019
-0.040014
-0.0446673
-0.0335108
-0.00854908
0.00114702
0.0307304
0.0352339
0.0465402
0.0580004
0.066483
0.0719964
0.0912925
0.0917133
0.177198
0.159074
-0.0205631
-0.0275309
-0.0233684
-0.0226449
-0.0465661
-0.053593
-0.0217243
-0.0242244
-0.0213908
-0.0285209
-0.0603995
-0.0491602
-0.0771563
-0.0891898
-0.0943635
-0.125082
-0.0693276
-0.0543437
-0.0558184
-0.0697408
-0.0621124
-0.0796402
-0.0718551
-0.0633608
-0.0592426
-0.019893
-0.00982747
-0.0353893
-0.0433927
-0.0233726
-0.0479139
-0.0536185
-0.0516293
-0.0491317
-0.0438599
-0.04503
-0.057267
-0.0519891
-0.0458668
-0.0457554
-0.03552
-0.0393584
-0.0458135
-0.0327309
-0.03324
-0.0391785
-0.0456031
-0.0427915
-0.0415399
-0.032009
-0.0297793
-0.0351442
-0.0493105
-0.0444853
-0.0438499
-0.041374
-0.043681
-0.0702196
-0.0982817
-0.0538695
-0.0613996
-0.0616208
-0.0534264
-0.0464784
-0.0423779
-0.038319
-0.0316416
-0.0258706
-0.0272885
-0.0338294
-0.0407933
-0.0335342
-0.0605526
-0.149195
-0.0552752
-0.0448028
-0.0411077
-0.0387476
-0.035811
-0.0295539
-0.0161212
-0.000441297
0.00462301
0.0180648
0.0117695
0.0257179
0.0336358
-0.0162035
0.0124182
0.0143584
-0.0189527
0.0286684
-0.0175669
-0.0223854
0.0219147
0.00932343
0.0441891
0.0400748
0.029223
-0.0282767
-0.0395869
-0.057217
-0.0359825
-0.0745519
0.0112972
-0.0377657
0.0217982
-0.0655921
0.0440322
-0.0140111
-0.00713824
0.035061
0.0377122
-0.0425047
0.00507174
-0.0211946
0.00178523
0.0222029
-0.0133818
-0.0161091
-0.00606287
-0.0101888
-0.000259621
-0.000691567
-0.0045641
0.0027948
-0.0112638
-0.0168571
-0.0373614
-0.0273521
0.0322895
0.0335681
0.0272429
0.0458692
0.0547064
0.064407
0.052517
0.0446557
0.064709
0.0442386
0.0390214
0.0298403
0.027915
0.0278144
0.0374399
0.0243435
0.0193488
0.0029332
0.000666944
0.036837
0.0428101
0.0455322
0.0405784
0.0508679
0.0317469
0.0461153
0.0364646
0.0357674
0.0447304
0.052927
0.049236
0.0219675
0.0238767
0.0265868
0.0232247
-0.000143859
0.000225477
-0.00143438
-0.00239873
0.00667084
-0.00176337
-8.6484e-05
0.00516737
-0.00176238
-0.00735101
-0.00811662
-0.00130726
-0.00491759
-0.00680713
-0.0100332
-0.0065494
0.0335137
0.0360609
0.0353713
0.0400579
0.012064
0.0152805
0.0143091
0.0198659
0.0225669
0.036544
0.036253
0.0270158
0.0123274
0.0151525
0.0251411
0.0192047
0.0121595
0.0175255
0.0166103
0.0250907
0.0391757
0.0349943
0.0276492
0.0175417
0.0287756
0.0271282
0.0197867
0.0124247
0.00978001
0.0200261
0.0180721
-0.0464503
-0.0509338
-0.0426875
-0.0463677
-0.0402682
0.00396616
0.0139055
0.00855397
0.00880592
0.00402831
0.00446485
0.00456461
0.0101171
0.00692142
0.00932949
0.00795385
0.00598195
-0.00728042
-0.00564091
-0.00864237
-0.0096187
-0.00558431
0.000509423
0.0158253
0.00917525
0.0132362
0.014879
0.00562378
0.011259
0.00346856
0.00299244
0.0025708
0.00953998
0.00792343
0.0130621
0.00924924
-0.0726528
-0.0657984
0.014498
0.0478296
0.0673051
0.0780749
0.13562
0.195826
0.0342559
0.017105
0.0340053
0.0111066
0.00615971
-0.0155258
-0.0182598
0.0820399
0.00479316
-0.0292978
0.0416551
0.0351467
-0.00863608
-0.00368649
-0.0163454
0.0106546
0.0189302
0.0717825
0.0102945
0.00661257
0.0505841
0.00689131
0.106607
0.0931465
-0.0222053
-0.0153548
-0.0115229
0.0668044
-0.0226408
0.111987
0.00984461
0.00493644
0.00331781
0.00789625
0.0608945
0.0820655
0.00662421
0.0050816
-0.0011588
-0.00670727
-0.055511
-0.0256362
-0.0175734
-0.0284905
-0.00654706
0.0115591
-0.0132622
-0.0134092
-0.0183988
0.0404385
0.000784383
-0.0213284
0.00444021
0.00631468
-0.00127014
-0.00454732
-0.00403908
-0.000632669
0.000346913
0.0358092
0.0217018
-0.038114
-0.0374028
-0.00847531
0.00320054
-0.0034407
-0.0438482
-0.0428791
-0.0260315
-0.00899126
0.000530468
0.0156602
-0.00216032
0.0103709
-0.0316887
-0.0387607
-0.0208485
-0.0166219
-0.0246995
-0.07522
-0.0601596
-0.0770641
-0.0386336
-0.0154356
0.0160971
0.0199254
-0.00415895
-0.00121309
0.0238611
0.042546
0.0478826
-0.0111116
-0.0073548
0.00121475
0.000951906
-0.0178897
-0.0321242
-0.0431594
-0.0510066
-0.0381274
-0.0145483
-0.00613556
-0.00832236
-0.030069
-0.0351855
-0.0115901
-0.0159812
0.00434161
0.00396425
0.00778311
-0.00650838
-0.0233576
0.00664308
0.00702383
0.00935066
0.0154313
-0.0173447
-0.0122922
0.0033639
0.0218998
0.058202
0.0367819
-0.0168948
0.0261145
0.0492127
0.0265698
0.0135635
0.0189488
0.0332018
-0.0142225
0.00170075
0.0498937
0.0363808
0.0896105
-0.0354734
-0.0364347
-0.0248147
-0.0227324
-0.0209038
-0.0183816
-0.0182455
-0.0197822
-0.0172021
-0.0210647
-0.0388087
-0.0359531
-0.00795579
-0.00979905
-0.0496507
-0.0837399
-0.0148763
-0.0170371
-0.00168788
-0.00839272
-0.00143735
0.00667976
-0.0124301
-0.0122091
-0.00665477
-0.00390752
0.00585919
0.00139131
-0.0124679
0.0654055
0.0733053
0.0505239
0.0695388
0.064068
0.054266
0.0458583
0.015578
0.0432266
0.0650011
0.0333826
0.036446
0.0188315
0.0158347
-0.0137952
0.0432379
-0.0244624
-0.018029
-0.0178124
-0.0233881
-0.0151273
-0.015118
-0.0144401
-0.000915173
0.00260553
0.00112216
-0.0217242
-0.0229284
-0.0199438
-0.0233856
0.000238445
-0.0102403
-0.0118423
-0.00559474
0.00708517
0.0058512
-0.0212423
-0.0208864
-0.0255899
-0.0200383
-0.0226546
0.0194812
0.0553865
0.0457864
-0.00786145
-0.00803807
-0.00591399
-0.00626731
-0.0191211
-0.0257418
-0.0297594
-0.0207637
-0.0119346
0.0689393
0.0848879
-0.00894749
-0.00720995
-0.0191962
-0.00917688
-0.0135418
-0.0129671
-0.030851
-0.0542645
-0.051618
-0.0331013
-0.0188663
-0.0207552
-0.0579936
-0.0456065
-0.0680692
-0.000580482
0.0191792
0.0257536
-0.0171984
-0.00855163
0.0111489
-0.011875
-0.017416
-0.0181984
-0.0246295
-0.014763
0.0257169
0.0668206
-0.00739386
-0.00315258
-0.00863239
0.0133492
-0.0208134
-0.0199156
-0.0193628
-0.0192461
0.00767234
0.00343741
-0.00781355
-0.00998241
-0.00433391
-0.00801019
-0.0115474
-0.0063281
0.0182151
0.0133307
0.0529011
0.0258315
-0.00252993
-0.0158104
-0.00735823
0.0301863
0.0267704
0.032759
0.00833812
0.0125459
0.0116658
-0.0112143
0.000208516
0.00171201
-0.00159308
-0.0103073
-0.0100334
-0.00880729
0.00926291
0.00566029
0.000585151
0.00354544
0.000343062
0.00535145
0.00532356
0.00800666
0.000296924
0.00372217
0.0040247
0.00352071
0.00150382
-0.00197659
-0.00301204
0.0101469
0.0207966
0.0315632
0.00912072
-0.00300217
0.00377724
-0.00376262
0.0401891
-0.023909
-0.0232056
0.0282413
0.0349391
0.0398202
0.0364573
-0.012792
-0.0302805
-0.00470239
-0.00648824
0.00450628
0.00352438
0.00239165
0.00379517
0.0100681
-0.0817439
-0.0144767
0.013378
0.00739348
0.00883971
0.0225238
0.010267
-0.00324197
0.0128451
0.00166252
0.0113891
0.00995075
0.0102913
-0.0319839
0.0224001
0.0185281
0.00849346
0.0039109
0.00431971
0.00734474
0.0207188
0.00931795
0.00448483
0.00319545
0.00110664
0.0169503
0.00967894
0.00516331
0.00500938
0.00848735
0.0117997
0.0119585
0.0152351
0.00604467
0.00689698
0.00701801
0.00652378
0.00624341
0.00564036
0.00489619
0.00654014
0.00686642
0.00922745
0.0068776
0.00778033
0.00803457
0.0153096
0.0132615
-0.0172128
-0.0130499
-0.0453307
-0.0429082
-0.0465928
-0.0374026
-0.024346
0.00163595
-0.0101049
0.175766
0.182679
0.165658
-0.00832246
-0.000639138
0.0268141
0.0129554
0.00908242
-0.0183462
-0.018971
0.00128765
-0.00457408
0.000154905
0.00727022
0.0111281
0.0135809
-0.0100526
0.000272245
0.00616475
0.00304984
0.0628212
0.0718865
0.0349359
-0.0452527
-0.0229473
-0.0019024
0.00121285
-0.0147512
-0.0295525
-0.0355455
-0.0101412
-0.0164431
-0.0164717
-0.00811755
-0.00548997
-0.00835008
-0.00776074
-0.00822138
-0.0143557
-0.00690449
-0.0183067
-0.0265737
-0.0246453
-0.0105302
-0.0371877
0.0187758
-0.0276014
-0.00130666
0.0118418
-0.00532483
-0.0462049
-0.0393287
-0.00240697
0.00274711
0.00881956
-0.00769774
-0.00286048
-0.00790714
0.0162534
0.0222852
-0.0363134
0.0112203
0.0107841
-0.052661
0.0329744
-0.0179128
0.0233477
0.00599934
0.0102839
0.0118828
0.0247837
0.023217
0.0116348
0.0323646
-0.00768598
0.00710305
0.0167759
0.0111552
0.00451296
0.000663834
-0.0038525
0.00437343
-0.00296037
0.0030989
-0.00590511
-0.00823015
0.023054
0.0237968
0.0202989
0.0222094
0.0126565
0.0144553
0.025923
0.028157
0.0504241
0.0554615
0.0101185
0.00918983
0.0559506
0.0424981
0.0237196
0.011457
0.0124842
0.0425821
0.0155096
0.01811
0.012695
0.0127269
0.012145
0.0123774
0.0102973
-0.0168763
-0.00945781
0.041626
0.000120218
-0.00142853
-0.00253099
0.0101978
0.00761099
-0.0341726
0.0748454
0.0556969
0.0675654
0.0994133
0.0272784
0.0299013
0.0868655
0.0971219
0.0884146
0.0454213
0.0247043
-0.0353594
-0.0362822
-0.0371472
0.0264782
0.00833568
0.00685012
0.0155929
0.0132026
-0.00294266
0.0119818
0.0144176
-0.0130339
0.00370066
0.00378014
0.0210836
0.0160011
-0.00600598
-0.0128802
0.00268115
0.0035928
0.0226121
0.0418067
0.0569261
0.0588271
0.0221977
0.0228292
0.0600553
0.0784039
0.0411212
0.0478176
0.0182667
0.0127431
0.038351
0.0569792
0.0224276
0.0216961
0.0219485
0.0157427
0.0272864
0.0313109
0.0318135
0.0304986
0.0289699
0.0529161
0.068027
0.057407
0.0425382
0.0891552
0.0718983
0.0461118
0.0398673
0.031399
0.0428289
0.0526434
0.0521726
0.0281106
0.0272468
0.02653
0.0241789
0.0228747
0.0216849
0.0866029
0.0582537
0.0246296
0.0287723
0.0288865
0.0326757
0.0323306
0.0700694
0.0266289
0.026129
0.0265183
0.0270209
0.0270822
0.0266666
0.0297187
0.0305167
0.0336021
0.0353189
0.0371151
0.0412444
0.0388979
0.0412281
0.0373184
0.0385066
0.0385028
0.0399011
0.0388853
0.0409046
0.0382092
0.0364143
0.0343574
0.0329962
0.0338095
0.036073
0.0286886
0.0312423
0.0318264
0.02818
0.0264528
0.0264406
0.0263543
0.0265214
0.0265054
0.0269511
0.0262426
0.0265252
0.024834
0.0247328
0.0235599
0.0232027
0.023737
0.0235869
0.0234504
0.0239556
0.0250624
0.0250362
0.0268786
0.0274708
0.0274039
0.0267126
0.0265597
0.0265476
0.0265208
0.0265309
0.0260683
0.0249334
0.026682
0.0265113
0.0281092
0.0311669
0.0310817
0.0291238
0.0339187
0.0332018
0.03294
0.033974
0.0365747
0.0366205
0.0397237
0.0395363
0.0435799
0.045668
0.0479881
0.0511869
0.0492451
0.050084
0.0421819
0.0428044
0.0349791
0.0351539
0.0333639
0.0324544
0.0462746
0.0439205
0.0436659
0.0458289
0.051433
0.0610667
0.0743547
0.0661012
0.055561
0.0423949
0.0454886
0.0403065
0.0419885
0.0410915
0.0508127
0.0466411
0.0470083
0.0523899
0.0563729
0.0594103
0.0587497
0.0622234
0.0543197
0.0547363
0.0434732
0.04637
0.0459394
0.0427347
0.0422998
0.0417748
0.0443498
0.0442491
0.0471514
0.0452461
0.0515719
0.0573562
0.0631895
0.0628548
0.0550811
0.0451597
0.0492847
0.0444684
0.0497623
0.0468594
0.054002
0.0558254
0.0535056
0.0492589
0.0502422
0.0471497
0.0449147
0.0440058
0.0448476
0.0346439
0.0343525
0.0365446
0.0395744
0.0419573
0.0442125
0.0447294
0.0422872
0.0372397
0.0352585
0.0270867
0.0275757
0.0266212
0.0265219
0.026368
0.0267799
0.0273209
0.0281185
0.0292863
0.0286084
0.0518567
0.0384303
0.0489281
0.0270406
0.0137059
0.0133497
0.0152917
0.015313
0.0139861
0.0118713
0.0108743
0.00935257
0.00764724
0.00728603
0.00903402
0.0109159
0.00976393
0.0139605
0.0147453
0.0125788
0.0107389
0.0105154
0.0127458
0.0126406
0.0126723
0.0145782
0.0310824
0.0308841
0.0373656
0.0485768
0.0202521
0.0196891
0.0225825
0.0226556
0.0244558
0.024717
0.0268685
0.0269054
0.0309518
0.03147
0.0340354
0.0356635
0.0351752
0.0360189
0.0345461
0.0350452
0.0341435
0.0350234
0.0320641
0.0324755
0.030522
0.0298564
0.0275697
0.0269283
0.0282074
0.0293262
0.0234925
0.0253962
0.0258087
0.0235136
0.0217422
0.0219651
0.021364
0.0214864
0.0201247
0.0200824
0.0176865
0.0169755
0.0157095
0.0148803
0.0147408
0.01373
0.0144044
0.0139983
0.0151447
0.015754
0.0169116
0.0177749
0.0231594
0.0239965
0.0234408
0.0228659
0.0234241
0.0233294
0.0246678
0.0245007
0.0264169
0.0259423
0.0324738
0.032933
0.0374737
0.039274
0.0359433
0.0368794
0.0306211
0.0303158
0.0262041
0.0254086
0.0280603
0.027105
0.0268292
0.0277888
0.0297639
0.0294049
0.0320899
0.0326541
0.0452557
0.0357145
0.0335086
0.0498883
0.0549507
0.0503581
0.0377835
0.0364549
0.0270992
0.0294315
0.0268504
0.0262447
0.039696
0.0359042
0.0358178
0.0407266
0.0421096
0.0420736
0.0475775
0.0480843
0.0584012
0.0615331
0.057041
0.0604576
0.044239
0.0455989
0.0331757
0.0354638
0.0321328
0.0316456
0.0332299
0.0328915
0.0495505
0.0418349
0.0414253
0.0490065
0.0656982
0.0588813
0.0592623
0.0693998
0.0640454
0.0623816
0.0417477
0.0455357
0.0441835
0.0400344
0.0391339
0.0375858
0.0388631
0.0381279
0.039066
0.0365621
0.04249
0.0470476
0.0556196
0.051981
0.045363
0.0358894
0.0402726
0.0357553
0.0514389
0.0443666
0.0621141
0.0576476
0.0598329
0.051057
0.0535547
0.0474633
0.044239
0.0426212
0.0425364
0.0292324
0.0289183
0.030731
0.0336907
0.0423978
0.0371304
0.0445176
0.0394808
0.0322116
0.0297818
0.0246136
0.0255253
0.0242842
0.0250587
0.0266608
0.0315475
0.0344163
0.0340933
0.0307615
0.0277622
0.022775
0.0211662
0.0246106
0.0267605
0.0298509
0.0318889
0.0326329
0.0325988
0.0323277
0.0301584
0.0283612
0.0258195
0.0273658
0.0226525
0.0246963
0.0209873
0.0206698
0.0196957
0.0180887
0.0166968
0.0158405
0.0155268
0.0171469
0.0186231
0.0424649
0.0347893
0.0503808
0.0286104
0.023689
0.0223098
0.0248523
0.0263591
0.0286717
0.0302776
0.0308395
0.0298829
0.0299543
0.0283545
0.026847
0.0250665
0.0260044
0.0224227
0.024054
0.0205154
0.0199034
0.0190957
0.0181213
0.0174713
0.0168544
0.0166773
0.018144
0.0198646
0.0228601
0.0264849
0.0479275
0.0069324
0.0226796
0.0142674
0.0125002
0.0151484
-0.0144203
5.58615e-06
-0.0161838
-0.00321543
-0.0109987
-0.0412983
-0.0455461
0.0480745
0.0253952
-0.00221101
-0.0209683
-0.0563711
-0.0643594
-0.0732851
-0.160171
-0.0295879
-0.0309932
-0.0408819
-0.0958474
0.0214935
0.0271818
0.0285724
0.0300821
0.0292471
0.0278967
0.0291691
0.0306334
0.0304085
0.0313594
0.033019
0.032383
0.0345929
0.032375
0.0343962
0.031783
0.0333294
0.0313668
0.0349716
0.0319368
0.0349694
0.032092
0.0331775
0.0309572
0.0312952
0.0298527
0.0307285
0.0324132
0.0281618
0.0277549
0.0291844
0.0302125
0.0263683
0.0266199
0.0258841
0.0257786
0.025448
0.0254489
0.0249455
0.0250811
0.0242849
0.0247135
0.0240807
0.0247524
0.0241598
0.0251767
0.0249821
0.0260967
0.0255368
0.0269854
0.0284045
-0.0810635
-0.0647675
-0.050201
0.0253079
0.0062508
0.00279021
-0.0682192
-0.0831929
0.0401998
-0.010312
-0.0176448
0.0212106
0.067837
0.00349339
0.00530525
-0.0113993
0.167852
0.0377969
0.0111596
-0.0471021
-0.0644794
0.040104
-0.0756372
0.05293
0.0488569
0.0161549
-0.018844
-0.00481396
-0.0694313
-0.0562815
-0.0166178
0.0109761
0.0466688
0.0722118
0.0789115
0.204313
-0.03338
-0.0296855
0.0547562
0.0456162
0.0354466
-0.00767709
0.173784
0.171434
-0.0491275
-0.0280315
-0.0370528
-0.0179031
0.212169
0.0745361
-0.00730969
-0.0178108
0.0268062
0.024405
-0.0667033
0.00302229
-0.00402666
-0.0214298
-0.0338402
-0.00420964
-0.000768078
-0.0649313
-0.0140332
0.0248886
0.0138994
0.000128596
-0.0877933
0.011825
0.00971062
0.0112758
0.0163851
0.030879
-0.0128468
0.00080198
-0.00576608
0.0656959
0.0331233
0.0224156
0.0138903
0.0192023
0.0191037
0.0132125
0.0302715
0.0124649
0.0140824
0.0283805
0.0239552
0.0161872
0.010605
0.0200867
0.0278755
0.0282013
0.010838
0.02738
0.0262005
0.016397
0.0158766
0.0245318
0.0209548
0.00964556
0.0108025
0.0360596
0.0355921
0.012212
0.0339494
0.0233031
0.0248889
0.0258326
0.0293904
0.0132535
0.0148531
0.0321684
0.029354
0.0293421
0.0123752
0.0227638
0.0120788
0.0336818
0.0168476
0.0160202
0.0192618
0.0228452
0.0417066
0.0295526
0.0301567
0.0229616
0.0202671
0.0228852
0.00194938
0.00936835
0.00922701
0.0239114
0.00129803
0.00218933
-0.00960779
-0.00830474
0.0104886
0.012543
0.0103222
0.0111031
0.0105789
0.0091703
0.00705351
0.00567026
-0.0313906
-0.0353408
-0.0325439
-0.0344095
-0.0398783
-0.0407982
0.0294867
0.0298094
0.0275812
0.0303982
0.0286293
0.0286518
0.0270146
0.0274254
0.0257833
0.0216318
0.0233034
0.0202761
0.0212046
0.0236232
0.0247312
0.0256928
0.0183251
0.130298
0.14932
0.11609
0.117121
0.149571
0.192161
0.148882
0.186759
0.141719
0.198611
0.0175097
0.0211396
0.0271984
0.0176774
0.0292018
0.0300573
0.0380706
0.0228007
0.0272668
0.050327
0.0706925
0.0242366
0.0503415
0.0184497
0.0499067
0.0366341
0.0205708
0.0136097
0.0118194
0.0101406
0.00973198
0.0598621
0.0302252
0.0166798
0.0106357
0.0101126
0.0121052
0.0157318
0.0138464
0.0115155
-0.0145308
-0.023664
-0.0456282
-0.0482243
-0.00250861
-0.00272423
-0.0187131
-0.0282167
0.0089353
0.00833312
-0.0102522
-0.0105384
0.0166339
0.0240399
0.00235785
0.0328073
0.00972102
0.00799927
0.0118578
0.0153107
-0.0027043
0.012859
0.0204321
0.00180425
0.0331732
0.041792
-0.00446274
0.0311574
0.0327907
0.0251016
-0.0199191
-0.10156
-0.0933414
0.0317351
0.0300284
-0.00598958
-0.00679823
0.0161413
0.00920357
0.0261312
0.0244986
0.0193669
0.0240868
0.0174567
0.0111558
0.00715845
0.0115061
-0.0190889
-0.00483314
-0.0217066
-0.0322606
-0.0991602
-0.0908849
-0.0940256
-0.0798326
-0.0896028
-0.0806998
-0.104635
-0.0211734
-0.00720228
-0.00724348
-0.0142539
-0.0365838
-0.0461958
-0.0675687
-0.0705548
-0.0833333
-0.0874646
-0.0903174
-0.0765925
-0.0462683
-0.0330625
-0.0154276
-0.0305048
-0.0119039
-0.00697992
0.00545693
-0.00746984
-0.0315879
-0.0280806
-0.0315963
-0.0391012
-0.0326265
-0.0303042
-0.0210093
-0.0178819
-0.0771541
-0.0577237
-0.0356277
-0.045771
0.0072284
-0.014563
-0.0290658
-0.0362912
-0.00633967
-0.0344586
-0.0510776
-0.051187
-0.0633025
-0.0544375
-0.0244925
-0.0420153
-0.0323182
-0.0082108
-0.010241
-0.0321044
-0.0208578
-0.0227137
0.0116369
0.00879483
0.022511
0.017716
0.00437803
0.00830562
-0.0772646
-0.0857901
-0.0828659
-0.0717916
0.00836522
0.0191804
-9.66716e-05
0.00973408
-0.0181047
-0.0236414
-0.0201248
-0.017647
-0.0622373
-0.0314475
-0.044714
-0.0744443
-0.036322
-0.0344666
-0.037344
-0.0333618
-0.0219715
-0.0287153
-0.0292241
-0.026909
-0.0169234
-0.0138767
-0.0141403
0.0204192
-0.0563241
-0.0102515
-0.0130058
-0.00739957
-0.000298203
-0.00650785
-0.00830257
-0.0114908
-0.0381325
0.0740145
0.0613555
0.0133845
0.0347486
-0.00129676
-0.0201715
0.0145497
-0.0257948
-0.015419
-0.0159811
-0.023846
-0.0316734
-0.0423905
-0.0305187
-0.0277466
-0.00576752
-0.0157314
-0.0104565
0.0014256
-0.0224555
-0.0198634
-0.0215221
-0.0351283
-0.0331237
-0.0273712
-0.0280335
-0.0328836
-0.0140156
-0.00925363
-0.0157365
-0.0177885
-0.106899
0.0121755
0.0151964
0.0368198
0.0468626
-0.0817312
-0.0735452
-0.00747026
-0.0126672
-0.0414116
-0.0420927
0.00303699
0.0306337
0.048883
-0.00998351
0.0185235
0.024115
-0.00212548
0.0319461
0.0186879
0.0234831
0.0122663
-0.0574594
-0.0300813
-0.0254046
-0.0398518
-0.00624068
-0.00191502
-0.00855678
-0.0116745
-0.0593216
-0.0074895
0.0323847
-0.0375326
-0.0192482
-0.0138997
0.0237482
0.0800992
0.0754617
0.0172766
-0.0114465
-0.0145246
-0.0152125
-0.000510159
0.000883559
0.00897932
0.0443159
0.0243245
0.0183428
0.021062
-0.0336752
-0.0238353
-0.0499896
-0.0507858
-0.0500563
-0.0626812
-0.0459485
-0.0498375
-0.0235854
-0.0260191
-0.0226591
-0.0274156
-0.0430145
-0.0412257
-0.0751581
-0.0656034
-0.0476144
-0.0331976
-0.0598386
-0.0308281
-0.0434625
-0.0434274
0.00210557
-0.0273371
-0.0426021
-0.0421509
-0.0572621
-0.0505778
-0.0378582
0.0201746
0.026275
0.026147
0.0225619
0.0197973
0.0366423
0.0382542
0.0238972
0.0279053
0.0253003
0.0148151
0.0242329
-0.0179977
-0.0278008
-0.0249044
-0.0153811
-0.0217549
-0.0414924
-0.0531231
-0.0417958
-0.013071
-0.0149843
-0.0284086
-0.0312086
-0.03222
-0.0510174
-0.0565826
-0.0344257
-0.0361157
-0.0541777
-0.0394915
-0.0296125
-0.0137582
-0.0341358
0.0179406
0.0074115
0.0113831
-0.0144157
-0.0113373
-0.0142321
-0.0297085
-0.0125464
0.00273535
0.0279587
0.0268667
0.0358698
0.014792
0.00261247
0.0144744
0.0217352
0.0168057
0.018136
-0.043394
-0.0532818
0.0280133
-0.00925716
0.0016117
-0.062773
-0.09783
-0.0752746
-0.0406442
-0.0309793
-0.0354965
0.0193476
0.0201193
0.0384458
0.0404388
-0.0235135
-0.0440012
-0.0777531
-0.041088
-0.00370427
0.00675833
-0.0206693
-0.0182588
0.0390468
0.0349868
0.027931
0.0651959
0.0662192
0.198977
0.124198
0.0169428
0.00589036
0.0139375
0.0110124
-0.0101287
-0.011626
-0.0180711
-0.0348906
-0.0831013
-0.0768711
-0.0671004
-0.0720329
0.0332306
0.0275973
0.0214315
0.0106955
-0.0551877
0.00471382
-0.00868854
-0.00927975
0.000403438
-0.00440983
-0.0077039
0.00112176
0.0094301
-0.0890241
-0.0629179
0.0050709
-0.0246268
-0.0284711
-0.0410415
0.0519033
0.0342926
0.0289694
0.0466249
-0.00245838
-0.00422066
0.00645887
0.00251033
-0.000653577
-0.0111673
-0.00115639
0.0187946
0.00329174
0.00979895
-0.00734278
-0.00789833
-0.00710328
-0.0264712
-0.00315584
0.0177925
0.0109573
0.0145045
0.0209957
-0.0470802
-0.0680306
-0.0100974
-0.00273369
0.00671719
0.00190079
-0.0486903
-0.0591297
-0.0487257
-0.0552148
-0.0256784
-0.0102581
-0.0271348
-0.016942
-0.0156409
-0.00732837
-0.0282236
-0.0081621
-0.00687842
-0.0241006
0.0255896
-0.0182149
-0.0413988
0.0193304
-0.0386886
-0.0554386
-0.0410642
-0.0242657
-0.0215803
-0.0368161
-0.0437493
-0.030431
-0.00372466
0.00638083
0.0334123
0.0381843
0.0484561
0.0600678
0.0680971
0.0739091
0.0907501
0.0917072
0.176937
0.158928
-0.0021043
-0.0165793
-0.0227598
0.000287805
-0.0442438
-0.0608505
-0.0213637
-0.0216465
0.00591792
-0.02369
-0.0809311
-0.0587906
-0.0816619
-0.100959
-0.0982729
-0.12124
-0.0579681
-0.0581851
-0.0516407
-0.0612142
-0.0547745
-0.070033
-0.0702288
-0.0545681
-0.0477402
-0.00645556
0.0149889
-0.019891
-0.0270448
-0.00514573
-0.0382619
-0.0397473
-0.0433891
-0.0377812
-0.0327811
-0.0347255
-0.0484543
-0.0430927
-0.0369539
-0.0352929
-0.023227
-0.0270399
-0.0345343
-0.0219048
-0.0219829
-0.0290691
-0.0363662
-0.0336657
-0.0322327
-0.0225555
-0.0201386
-0.0252901
-0.035327
-0.0238055
-0.0226137
-0.0245578
-0.032208
-0.0358218
-0.0474376
-0.0411841
-0.0388334
-0.0420098
-0.0357244
-0.0376779
-0.0319563
-0.0272518
-0.0210533
-0.0157291
-0.0176054
-0.0243799
-0.0317259
-0.0239856
-0.049205
-0.141618
-0.0329895
-0.0347856
-0.0298745
-0.0273803
-0.0248636
-0.0193309
-0.00703494
-0.00119141
0.00597941
0.0223669
0.0158057
0.026989
0.0351964
-0.00928147
0.0168909
0.01824
-0.0113082
0.0286283
-0.0145429
-0.0188856
0.0224333
0.00499825
0.0427362
0.0368462
0.0239625
-0.0290901
-0.039575
-0.0456839
-0.121696
-0.0122989
-0.0815979
0.0105823
-0.0905436
0.0335232
-0.0339394
-0.0284499
0.0189375
0.0240227
-0.0892104
-0.015776
-0.047473
-0.0260651
0.010079
-0.0147495
-0.016421
-0.00853218
-0.0122633
-0.000710876
-0.00166582
-0.00302159
0.00378949
-0.00842639
-0.0129645
-0.0229789
-0.0186919
0.0298518
0.0306507
0.0234944
0.0366305
0.0460676
0.0577968
0.0463175
0.0383762
0.0581424
0.0353679
0.0306775
0.0174338
0.0162308
0.022228
0.0313211
0.0168418
0.0122011
-0.00879565
-0.012918
0.0282269
0.0351369
0.0397126
0.0347127
0.0459705
0.0276031
0.0363122
0.0232266
0.0227494
0.0356369
0.0460121
0.0429229
0.0164028
0.0186459
0.0224745
0.019301
0.000169723
0.000916504
-0.000593963
-0.00234351
0.00780156
-0.000764928
0.0007241
0.00605569
-0.00187068
-0.00802909
-0.00882175
-0.00155457
-0.0046382
-0.00668755
-0.0100502
-0.00631859
0.0339957
0.0364716
0.0359069
0.0407291
0.0138346
0.0169659
0.016181
0.0015973
0.00273665
0.0251915
0.0237874
0.0125568
-0.0075236
-0.00611143
0.00758372
0.0225613
0.01743
0.0124594
0.0102561
0.00731056
0.0271328
0.0216125
0.0104916
0.0034044
0.0182153
0.0153757
0.00528795
0.00434663
0.00264702
0.0135241
0.010986
-0.0399656
-0.0445536
-0.0336855
-0.0386663
-0.0298322
0.00530324
0.0141702
0.00910916
0.00914284
0.00462756
0.00487128
0.0050542
0.0104532
0.00701526
0.00943837
0.00810653
0.00641431
-0.00720075
-0.00559807
-0.00867319
-0.00973534
-0.00542177
0.000870873
0.0167485
0.0099421
0.0143126
0.0160286
0.00623146
0.0122674
0.00425718
0.00360024
0.0029446
0.010147
0.00854356
0.0139546
0.0100137
-0.0652189
-0.0573822
0.0191703
0.0497133
0.0692438
0.079851
0.134963
0.195746
0.0139275
0.019513
0.0517011
0.00950344
0.0402848
-0.0183683
-0.0230142
0.0759565
0.00224659
-0.0165944
0.0419984
0.035681
-0.00962659
-0.00390907
-0.0170422
0.00428761
0.0189748
0.0797775
0.0118051
0.00580958
0.0565385
0.00342461
0.116796
0.103351
-0.0300174
-0.0221411
-0.0153518
0.0666584
-0.0332355
0.122217
0.0034878
-0.00492152
-0.00574699
0.0034216
0.063809
0.0890997
0.0123958
0.00949651
0.00443122
0.000221963
-0.0411518
-0.0916272
-0.0733323
-0.0970854
0.00120977
-0.0157466
-0.031801
-0.00342698
-0.0224383
0.010413
-0.0583826
-0.0982876
-0.00857684
-0.00993857
-0.0133337
-0.0146467
-0.0144734
-0.0139475
-0.0113875
0.0420755
0.0379563
-0.0266391
-0.0263513
-0.00200555
0.00845808
-0.00235342
-0.053433
-0.0585465
-0.0187012
-0.00794923
0.023219
0.0295509
0.00691222
0.0124819
-0.0476973
-0.0609255
-0.0391188
-0.0205947
-0.00743466
-0.0727429
-0.0541353
-0.0768875
-0.0391239
-0.029444
0.021377
0.0203912
0.00138836
0.00623404
0.0167868
0.0310152
0.0332827
-0.0133159
-0.00249798
0.00112443
-0.00235256
-0.0140134
-0.0466052
-0.0366945
-0.0816737
-0.0462249
-0.0188984
-0.0236291
-0.0154903
-0.030161
-0.0347954
-0.0164711
-0.0198853
0.00198916
0.000248556
0.00493917
-0.01523
-0.0263015
0.00475448
0.0061309
0.0167431
0.0189242
-0.0136262
-0.00566875
0.00885121
0.0234044
0.0598809
0.0345299
-0.0156484
0.0270481
0.0506269
0.0216917
0.00127007
0.0111789
0.0294073
-0.0189446
0.000893383
0.0424373
0.0386643
0.0910928
-0.0380691
-0.0400148
-0.0236979
-0.0218681
-0.0243923
-0.0200997
-0.0176324
-0.016858
-0.0133434
-0.0155544
-0.0280076
-0.0236467
-0.00730773
-0.00992471
-0.0499592
-0.0832226
-0.0163413
-0.0173798
-0.00176721
-0.00850185
-0.00137992
0.00692321
-0.0131639
-0.0126824
-0.00693034
-0.00417152
0.00595789
0.00138094
-0.0138389
0.0703368
0.0808955
0.0529764
0.0746464
0.0699919
0.0574307
0.0499261
0.0175364
0.0488471
0.0689399
0.0358874
0.0411828
0.019277
0.00239154
-0.021373
-0.0151665
-0.00863496
-0.00923159
-0.0147844
-0.0159766
-0.0182431
-0.0167641
0.00165023
0.00479166
0.00596173
-0.0163153
-0.0171126
-0.0180405
-0.0211374
0.00749847
-0.00245634
-0.0028843
0.00230304
0.0086693
0.00977403
-0.0160326
-0.0192284
-0.0339096
-0.0258969
-0.0299249
0.0200095
0.0607907
0.0482974
-0.00027779
-0.00385454
-0.00273055
0.000810262
-0.00908236
-0.0158034
-0.0170086
-0.00953094
-0.0145493
0.0718796
0.0909419
0.000396762
0.00126788
-0.016567
-0.00703372
-0.00284335
-0.00347573
-0.0354161
-0.0430896
-0.0639444
-0.0175218
-0.0203788
-0.0497386
-0.0414236
0.000665281
0.0252389
0.0288081
0.00424897
0.00846827
-0.0122188
-0.0335166
-0.0418887
-0.0457541
-0.0331307
-0.00520681
-0.00244784
-0.00636226
0.0160132
-0.0195523
-0.0152179
-0.0150644
-0.0193321
0.0115115
0.00799486
-0.00809496
-0.010371
-0.00449819
-0.00820492
-0.0116945
-0.00605378
0.018937
0.0138034
0.0549256
0.027071
-7.47748e-05
-0.0164315
-0.00730758
0.0307512
0.0270739
0.0329324
0.00841642
0.0147077
0.0134006
-0.0112029
0.000731961
0.00171503
-0.00163665
-0.0104029
-0.0102171
-0.00891475
0.0103496
0.00612331
0.000765196
0.00380043
0.000126314
0.0052402
0.00576369
0.00846345
0.000567237
0.00432602
0.00483729
0.00431868
0.00156885
-0.00188096
-0.00275094
0.0108413
0.0214951
0.0321216
0.00966676
-0.00230164
0.00473121
-0.00356479
0.0405637
-0.0160715
-0.0170399
0.0284908
0.03518
0.039993
0.0366269
-0.0129862
-0.0306121
-0.00477052
-0.00621563
0.00467039
0.00381446
0.00250406
0.00384455
0.013253
-0.0786873
-0.0127067
0.0174845
0.0110404
0.011683
0.026113
0.0153792
-0.000320924
0.0165056
0.00400864
0.0137582
0.0124588
0.0130262
-0.0223776
0.0239879
0.0209146
0.00921116
0.0046945
0.0047236
0.00737168
0.0207327
0.0100849
0.00453119
0.00294012
0.000898098
0.0179181
0.00964113
0.00542511
0.00529345
0.00929508
0.0127901
0.0128708
0.0162471
0.00650368
0.00727463
0.00722805
0.00681879
0.00648518
0.00621954
0.00530118
0.00705623
0.00764532
0.0101541
0.00712834
0.00780034
0.00873971
0.0164936
0.0143558
-0.00127341
0.00418763
-0.0297385
-0.025821
-0.0215636
-0.0330706
-0.0136125
-0.00617772
-0.021273
0.175716
0.182613
0.165542
-0.00845929
-0.000347097
0.0275914
0.0139478
0.0103362
-0.0362847
-0.0313295
-0.00597373
-0.00557248
-0.000933486
-0.0134047
-0.017859
0.0169991
-0.0110131
-0.00219061
-0.0135061
-0.0165838
0.0643674
0.0733732
0.0365716
-0.053554
-0.0281188
-0.0158677
-0.00372714
-0.0206664
-0.035077
-0.0481036
-0.0100871
-0.019921
-0.0218098
-0.0117642
0.0048016
0.0158762
0.00173469
-0.00437843
-0.00796693
0.00866075
-0.0193628
-0.0232789
-0.0258573
-0.011222
-0.0323286
0.0697108
-0.03489
0.0046988
0.0382718
-0.0168598
-0.074954
-0.0967071
-0.00246941
0.00337217
0.00895598
-0.00790906
-0.00302623
-0.00803936
0.0179688
0.023533
-0.0371622
0.0130575
0.0118208
0.0339153
-0.0195738
0.0113136
0.0260426
0.0245555
0.0135574
0.0332163
-0.00747519
0.00989017
0.0195321
0.0133493
0.00490447
0.00036815
-0.00385207
0.0040408
-0.00305768
0.00267117
-0.00581429
0.018798
0.0186336
0.00397312
0.00796215
0.00257877
0.0060968
0.00788349
0.0112222
0.0417043
0.0465821
-0.00382284
-0.00249178
0.0554483
0.0395898
0.0169714
0.00133746
0.00651777
0.0347243
0.0155531
0.0188417
0.0093016
0.00989364
0.0104968
0.0113718
0.00540742
-0.0242273
-0.0411703
0.0149379
-0.0111771
-0.0135537
-0.0139301
0.00995466
0.00732972
-0.0233174
0.0697446
0.0501826
0.0608786
0.0930926
0.0238345
0.0258172
0.0802323
0.0907534
0.0892233
0.0470411
0.0260354
-0.0244397
-0.0252815
-0.026004
0.000135721
-0.000554347
-0.00134759
-0.00371754
-0.0278671
-0.0158482
-0.00929031
-0.0198493
-0.00224395
-0.00444899
0.0169328
0.0120708
-0.0161498
-0.0248634
-0.0169494
-0.0180878
0.0199691
0.0379107
0.0498144
0.0530744
0.000508361
0.00190373
0.0520691
0.0723546
0.0301616
0.0376288
0.019649
-0.00746656
0.0355273
0.0518391
0.0251438
0.0232801
0.0215353
0.0154805
0.0255109
0.0290231
0.0294207
0.0284216
0.0270617
0.0474128
0.0621655
0.0514819
0.0374373
0.0832609
0.0659836
0.0409217
0.0349532
0.0277061
0.0385345
0.0480219
0.0471577
0.0248623
0.0234524
0.0280196
0.026335
0.0235533
0.0250897
0.0808833
0.0522789
0.0251326
0.0275058
0.0258414
0.0298565
0.0295855
0.064707
0.0254024
0.0253903
0.0255808
0.0257085
0.0257594
0.025318
0.027649
0.0281436
0.0312809
0.0329035
0.0349915
0.0385439
0.0368902
0.0392839
0.0347313
0.0359603
0.0356088
0.0368222
0.0354457
0.0371696
0.0346199
0.0331463
0.0309
0.0298206
0.0307117
0.0326105
0.0261712
0.0283103
0.0287442
0.0256893
0.0246031
0.0245303
0.0246674
0.0247659
0.0252646
0.0257166
0.0256072
0.0260007
0.0248772
0.0250166
0.0243355
0.0243086
0.0246124
0.0252762
0.0241861
0.0241622
0.0252031
0.0247279
0.024934
0.025607
0.0256348
0.0247901
0.0244227
0.0243958
0.0240181
0.0239465
0.0231042
0.0217012
0.0235486
0.0231901
0.0251022
0.0284981
0.0287419
0.0271062
0.0304915
0.0298527
0.0296406
0.0305441
0.032715
0.0327333
0.0352274
0.0352197
0.0389813
0.0408323
0.0433283
0.0464208
0.0447954
0.0456138
0.0380454
0.038577
0.0312106
0.0314114
0.0298724
0.0290578
0.0418304
0.0397347
0.0395248
0.0414094
0.0463391
0.0555366
0.0687001
0.0604745
0.0500819
0.0379369
0.0405053
0.0360841
0.0378582
0.0371113
0.0466323
0.0433967
0.043587
0.0478962
0.0517153
0.0545449
0.0538157
0.0570044
0.0492409
0.0492958
0.0401323
0.0422039
0.0417916
0.0394984
0.039585
0.03933
0.0423846
0.0423757
0.0426368
0.0408862
0.0466401
0.0521166
0.0577851
0.0574184
0.0498189
0.040541
0.0442559
0.0400427
0.0458555
0.0435285
0.0495813
0.0511302
0.0487535
0.0442884
0.0456514
0.0430114
0.0414137
0.0408834
0.0419659
0.0311036
0.030842
0.032734
0.0353692
0.0375836
0.0398066
0.0404126
0.0381619
0.0334134
0.0316087
0.0250356
0.0255527
0.0244313
0.0240185
0.0235443
0.0238232
0.0244401
0.0254711
0.026871
0.0263956
0.0469724
0.034518
0.0450577
0.0245397
0.0122396
0.0111236
0.0152181
0.0162067
0.0156958
0.0130054
0.0123654
0.0102052
0.00922958
0.00718542
0.00899118
0.00952883
0.00734357
0.0145085
0.0155649
0.0135205
0.0115387
0.0107104
0.011587
0.0116816
0.0126253
0.0149471
0.028989
0.0277315
0.0332877
0.0434228
0.0162829
0.0153093
0.0173992
0.0180212
0.0195374
0.0193252
0.0230131
0.0224198
0.0273916
0.0275174
0.0302632
0.0315839
0.0321656
0.0329545
0.032047
0.0327589
0.0326241
0.033604
0.0315226
0.03192
0.0304382
0.029797
0.0278108
0.0271578
0.028319
0.0299562
0.0233422
0.025596
0.0259517
0.0234458
0.021386
0.0218541
0.0211167
0.0213955
0.0200034
0.0201929
0.0176987
0.0172455
0.0149204
0.0141067
0.0135036
0.0124306
0.0125189
0.0118914
0.0125034
0.0133592
0.0135105
0.0146519
0.0233436
0.0244541
0.0238343
0.022996
0.024176
0.0236017
0.0250711
0.024774
0.0266284
0.0256371
0.0334554
0.0338789
0.0386573
0.0405951
0.0372445
0.0382561
0.0319521
0.0316736
0.0272345
0.0264272
0.0284742
0.0275111
0.0271666
0.0281499
0.0302494
0.0297392
0.0323995
0.0332996
0.0465872
0.0367298
0.0343405
0.0512798
0.0565109
0.0518772
0.039201
0.0379839
0.0275085
0.0302701
0.0272099
0.0267321
0.039714
0.0359062
0.0356244
0.0405381
0.0429375
0.0429205
0.0489371
0.0495499
0.0597496
0.0629355
0.0583685
0.0618205
0.0454145
0.0467602
0.0333931
0.0362853
0.0326847
0.0318148
0.0333104
0.0329855
0.0472514
0.0394421
0.0383487
0.0465331
0.0657948
0.0587826
0.0589112
0.0696504
0.0644613
0.0624908
0.0404714
0.0449867
0.043544
0.0387212
0.0371924
0.0354314
0.0370862
0.0354217
0.0394762
0.0368881
0.043515
0.0483221
0.0569269
0.0533131
0.0465306
0.0364283
0.0413328
0.0361306
0.0501056
0.0425347
0.06205
0.0574937
0.0596342
0.051262
0.0534749
0.0469472
0.0430972
0.0411076
0.041017
0.0298247
0.0295278
0.0314764
0.0346485
0.0437578
0.0383519
0.0460058
0.0409664
0.0333765
0.030601
0.0251327
0.0260948
0.0255433
0.0258271
0.0271254
0.0325068
0.035621
0.0353901
0.0320031
0.0288169
0.0190299
0.0179956
0.0209348
0.0234862
0.0269006
0.0291937
0.0300877
0.0301491
0.0306211
0.0292983
0.027869
0.0256259
0.0272611
0.0223324
0.0245679
0.0206899
0.0202338
0.0192543
0.0174382
0.0159058
0.0147355
0.0139886
0.0151663
0.0160138
0.0437112
0.0363972
0.0496046
0.0294913
0.0206318
0.0198224
0.0217009
0.0234386
0.0260307
0.0275904
0.0281725
0.0275938
0.0283186
0.0273503
0.0259967
0.0246064
0.0254532
0.0219419
0.0236257
0.0197554
0.0193357
0.01847
0.0174613
0.0168724
0.0159109
0.0153715
0.0165051
0.0178125
0.0217382
0.0238073
0.0480586
0.0106523
0.0234962
0.0135664
0.0101703
0.0104095
0.00148703
0.00665697
-0.0171697
0.00674379
-0.00575435
-0.0211552
-0.0264522
0.0460806
0.0254577
0.000557424
-0.0180578
-0.0275353
-0.032807
-0.0384671
-0.0887198
-0.023488
-0.0247423
-0.0599727
0.0230277
0.0283724
0.026201
0.0266669
0.0257743
0.025487
0.0266805
0.027098
0.0274843
0.0275787
0.0289087
0.0284975
0.0302478
0.0287849
0.0309229
0.0285243
0.0303596
0.0280658
0.0321668
0.0286435
0.0319151
0.0287563
0.0302988
0.0279014
0.0284864
0.0271571
0.0278576
0.0295715
0.0258649
0.0255312
0.0266275
0.0275529
0.0244401
0.0246298
0.0244144
0.0241182
0.024437
0.0240588
0.0244302
0.0240895
0.0241942
0.0241101
0.0241472
0.0239707
0.0241157
0.0239899
0.0240304
0.0242008
0.0245661
0.0247727
0.0256123
-0.0454619
-0.0406396
-0.0394282
0.200339
0.0335139
-0.0135357
0.006622
-0.0140024
0.0701334
0.0338197
0.0145656
0.0197914
0.0198199
0.0141785
0.0309939
0.0141813
0.0160774
0.0288972
0.0241796
0.0171003
0.0117885
0.0209989
0.0287324
0.0292371
0.0122683
0.0284568
0.0273401
0.0181677
0.0177387
0.0260997
0.0226597
0.0109495
0.0119972
0.0373986
0.036925
0.0136635
0.0353787
0.0245364
0.0262023
0.0272847
0.0308077
0.0152781
0.0164997
0.0331085
0.0304299
0.030212
0.0141575
0.0242106
0.0140015
0.0353002
0.0185634
0.0177991
0.0204283
0.0243128
0.0431709
0.0310416
0.0315322
0.0245175
0.0236818
0.00425908
0.0106221
0.0115377
0.0252822
-0.0227642
-0.0204425
-0.0121077
-0.0105518
0.0110881
0.013914
0.00652361
0.00677259
0.00289735
0.00332991
0.00174508
-0.00065255
-0.0310631
-0.0334263
-0.0330785
-0.0360636
-0.0425049
-0.0438917
0.0265805
0.0265572
0.0251818
0.0271992
0.0260806
0.0254718
0.0246441
0.0250065
0.024428
0.0205401
0.0215956
0.0187923
0.019564
0.0228204
0.0237757
0.0246021
0.0172243
0.115973
0.116846
0.149142
0.148797
0.141412
0.198499
0.00890491
0.0234882
0.0293815
0.0205846
0.0325551
0.0317411
0.0398934
0.0144435
0.0209885
0.0514546
0.0695031
0.0272021
0.0510746
0.021604
0.0476913
0.0321576
0.0110468
0.013611
0.0077815
0.00913246
0.00782616
0.0584532
0.0331063
0.0183622
0.0102489
0.0072414
0.00679841
0.0166148
0.00713923
0.0082218
-0.00134815
-0.00964053
-0.0378513
-0.0140012
-0.0133005
-0.028236
-0.0354753
-0.00950015
-0.0126778
-0.0273415
-0.0274901
