-0.0169579
0.00562902
0.012641
-0.0589667
0.039768
0.0283924
0.0378782
-0.116962
0.0214527
0.0469512
0.0635894
0.0444767
0.00648732
0.00374418
0.0297129
-0.00495623
0.0106337
-0.147689
-0.0934271
-0.0212909
-0.00410994
-0.0356003
0.0227369
-0.00769564
0.0826146
0.189765
0.0509283
0.0102609
0.205222
0.0437873
-0.0117822
0.00867224
0.00402288
0.00966075
0.0240699
-0.019355
-0.0158532
-0.0222612
0.0102509
0.00955928
0.0121448
0.0190349
-0.000738509
0.00125965
0.0177076
-0.0166318
-0.00116751
-0.00785642
-0.0196274
0.0195318
0.0256283
0.0222973
0.00391843
-0.160561
-0.11572
0.0345805
0.0322931
0.0264559
0.000702129
0.00414336
0.00636499
0.00026861
0.034041
0.0408378
0.0410809
0.0289298
0.00903252
0.0221061
0.027086
0.0153145
-0.0676847
-0.0491215
-0.08462
-0.103836
-0.157377
-0.0868644
-0.105141
-0.0901128
-0.0992751
-0.0832248
-0.146393
-0.0200032
-0.0188367
-0.0145
-0.0190029
0.0345857
0.0357818
0.021316
-0.0393832
-0.130531
-0.0288985
-0.0563568
-0.164861
-0.0280446
-0.0213452
-0.014849
-0.0195053
-0.0370451
-0.0259003
-0.0264244
-0.0257669
-0.0351579
-0.0319229
-0.0237523
-0.0166477
0.00532824
-0.00106306
0.00608957
0.0251528
-0.0415352
-0.00985997
-0.0309782
-0.0494029
-0.00287513
0.00314893
0.0018583
0.0276735
0.00453318
0.0160761
0.024147
0.0122281
-0.00218291
0.00540953
-0.0142143
-0.00649972
-0.00978495
-0.00974413
-0.00327827
0.0409785
-0.0121053
-0.00250412
-0.000492007
-0.00384836
0.00145436
-0.00188552
-0.0172042
-0.00581342
-0.0180285
-0.0268246
-0.102593
-0.0864264
-0.0800634
-0.123746
-0.0457015
-0.0292826
-0.0405549
-0.0185386
-0.00494135
8.28671e-05
0.000966625
-0.00454717
-0.00654646
-0.000538812
-0.00145775
-0.00694552
0.00317963
0.00535051
-0.00142802
-0.00361695
0.00197598
0.000264666
0.00458655
0.00611216
-0.004559
-0.00131878
-0.00493547
-0.0199863
-0.00560087
-0.0249269
0.0296895
0.0309777
0.0299497
0.0301413
-0.0136151
-0.0565842
-0.0750538
-0.0132419
0.0101486
-0.00369038
0.00918728
0.0195974
-0.0483385
-0.0441769
-0.0332494
0.000920931
-0.00633879
-0.000407485
-0.00490064
0.00247068
-0.00481433
0.0232437
0.0301599
-0.0118742
-0.0180986
-0.0119559
0.00689758
-0.0413789
-0.0310908
-0.0476962
-0.0534646
-0.000850033
0.0005996
-0.000414288
-0.00148004
-0.00356285
-0.00722975
-0.0076403
-0.00275332
-0.123537
-0.119798
0.0118367
0.0125817
0.0257128
0.00183669
-0.0204924
0.0332565
0.0368337
0.0297861
-0.0688591
-0.0597793
-0.0161481
-0.0122267
-0.0112619
-0.00530411
0.0166712
0.0333267
0.0225423
-0.166809
-0.0134613
0.0102762
0.00433536
-0.0126443
0.00391121
-0.00431046
-0.00796595
-0.0130281
-0.023253
-0.00963498
-0.0100574
-0.00335161
-0.0232895
-0.019858
-0.0286885
-0.0260515
-0.0499844
-0.0229565
-0.00385433
-0.00300531
0.00458758
0.00156091
0.0259945
0.0540451
0.0391629
0.0209964
-0.000996329
0.00328788
-0.00161311
-0.00290174
0.0187556
0.0212384
0.0297214
0.0306778
0.0234017
0.0291953
-0.0330108
-0.0331844
-0.0384042
-0.0346837
-0.0304793
-0.02901
-0.0190897
-0.032116
-0.0272948
-0.0209956
-0.0120225
-0.0174331
-0.0223001
-0.0155114
-0.0137269
0.0193446
-0.00734266
-0.00914629
-0.0365978
-0.0335708
-0.0298475
0.0261337
-0.01136
-0.00434006
0.028543
-0.0606551
-0.0493578
-0.0270982
-0.0205649
0.00582132
0.00387286
0.00931138
0.0121303
-0.00598484
-0.00389856
-0.00331292
-0.00186852
0.0169323
0.0196381
0.00489977
0.0119144
-0.00813797
-0.0118226
-0.0154306
-0.0134602
-0.0500983
-0.0246067
-0.0288717
-0.0482659
-0.0192073
-0.0283711
-0.0308752
-0.0188762
-0.0320232
-0.0414752
-0.0509376
-0.036307
-0.0234846
-0.0323153
-0.0294179
-0.0248951
-0.0043809
-0.0581195
-0.0519962
-0.0151622
-0.000120427
-0.00353257
-0.0296346
-0.0261896
-0.0145461
-0.0456355
-0.0326051
-0.00511557
-0.0120057
0.00421566
-0.00357322
0.00330544
-0.00812349
-0.00343061
0.0027309
0.018819
0.0137016
-0.0102245
-0.0149371
0.0324511
0.0188535
0.0392797
-0.0881291
-0.13548
-0.0746908
-0.045821
-0.0377315
-0.0878231
0.0221551
0.0239425
0.0261906
0.0246333
-0.0165514
-0.0226916
-0.0793173
-0.0502079
-0.0145539
-0.0160455
-0.0090815
-0.00839417
0.0304822
0.0317907
0.030357
0.0605868
0.0212395
0.0426111
0.0515141
0.0275955
0.0228837
0.0136664
0.0121665
-0.0285071
-0.0329134
0.0135358
0.00568294
-0.0266408
-0.0309231
-0.0353379
-0.0361846
-0.0109141
-0.00600837
-0.00274429
-0.0140517
-0.0342397
-0.0231372
-0.0245491
-0.0935343
0.0014988
-0.00455352
-0.000231447
-0.00996316
-0.0100856
-0.0040776
-0.109525
-0.0529291
-0.0235632
-0.0215227
-0.0311794
-0.0309414
0.024603
0.0190543
0.0144562
0.0197376
0.00167212
0.000158861
0.0139389
0.0109447
-0.0161085
-0.0236456
-0.02735
-0.00256282
-0.00779377
-0.00944314
-0.0176208
-0.0197568
-0.00463142
-0.0102762
-0.0138927
-0.00838975
-0.0161318
0.00496522
0.00980409
-0.0166351
-0.0219423
-0.00763232
-0.00499639
-0.00414443
-0.00464418
-0.0293434
-0.0317637
-0.024468
-0.0566972
-0.0389621
-0.0410067
-0.0634768
-0.0228718
-0.0222285
-0.0128577
-0.0245416
-0.0389762
-0.0270283
-0.0241674
0.0257702
0.0364977
0.017916
0.00731778
-0.0110248
0.0196257
0.0487867
0.00294934
0.0154681
0.0232416
0.031064
0.0806877
0.0383617
-0.00371388
0.0195125
-0.0193597
0.0157094
0.025938
0.0301033
0.0341463
0.0325984
0.0589619
0.0682809
0.176347
0.184589
-0.014832
-0.0235223
-0.0236341
-0.0258492
-0.0407806
-0.0372367
-0.0234922
-0.0238386
-0.0381476
-0.0265493
-0.0437097
-0.0841584
-0.0593408
-0.0460786
-0.027543
-0.0188243
-0.00311483
-0.0170507
-0.0170604
-0.0373641
-0.023628
-0.0201627
-0.022437
-0.0186106
-0.0141418
-0.0180786
0.00939341
-0.00489073
0.000323075
-0.0095125
-0.0162397
-0.0140845
-0.0170601
-0.00676903
-0.00353908
-0.0237707
-0.0211514
-0.0201723
-0.0172895
-0.0110829
0.0241522
0.00411733
-0.00658966
-0.00070131
-0.00541431
-0.0154449
-0.0181386
-0.0177123
-0.0155366
-0.0136412
-0.00846665
-0.00715081
-0.0163016
-0.012451
-0.0130212
-0.0138417
-0.0111738
-0.0207485
-0.0279689
-0.0220304
-0.0104424
-0.00897792
-0.0133659
-0.0133423
-0.00216957
0.0015695
0.0020207
-0.00147364
-0.00842392
-0.013808
-0.0170818
-0.014583
-0.019137
-0.0213031
-0.0214715
-0.0112155
-0.000742948
0.00281386
0.00819189
0.000556982
0.000547437
0.000607077
0.00491071
0.0283732
0.019297
0.0311359
0.037147
0.00675013
0.0372184
0.0365554
0.0085072
0.0319039
0.00447606
0.00747836
0.0398167
0.00744447
0.0273615
0.026374
0.0195519
-0.0194514
-0.0196
-0.0532473
-0.0484746
-0.0820959
-0.00872376
-0.0784178
0.0109058
-0.0625473
0.000398028
-0.0250244
-0.0175366
0.00730454
0.00317355
-0.0695451
-0.0156799
-0.0426553
-0.00502963
0.00431322
0.00156669
0.00765938
-0.0023109
0.00130563
-0.000867863
-0.0052558
-0.00438343
-0.0026188
-0.0107595
-0.0123457
-0.0157879
-0.0116829
0.0201486
0.0218126
0.0238294
0.0173842
0.0232156
0.023189
0.0187247
0.0185891
0.0231985
0.0202321
0.0185616
0.0174966
0.0147847
0.0180384
0.0230622
0.0212419
0.015382
0.00158773
-0.00275146
0.0187855
0.0220357
0.0203924
0.0183373
0.0234369
0.0164719
0.0153645
0.0114539
0.011728
0.0169425
0.0183383
0.0184022
0.0164308
0.0173621
0.0165262
0.0149189
-0.00326616
-0.00336995
-0.00338038
-0.00351687
-0.00585145
-0.00518487
-0.00430317
-0.00338096
-0.00431256
-0.00427977
-0.00391643
-0.00390279
-0.0020865
-0.00283835
-0.00409336
-0.000717203
0.0192118
0.0191734
0.0183529
0.0204312
0.019601
0.0191806
0.0185345
0.00951576
0.00902896
0.0203618
0.0189606
0.00722899
-0.000976204
-0.00750218
0.0029497
0.0117207
0.0084027
0.0208046
0.0165611
0.00781079
0.0180404
0.0123984
0.00670556
0.00985856
0.018692
0.0151821
0.0087751
0.00960771
0.00873204
0.016242
0.0150546
-0.00660144
0.0111811
-0.00753801
-0.0183773
-0.00470345
-0.00185611
-0.000479163
-0.0014331
-0.00193853
-0.00221563
-0.00225427
-0.00205531
-0.00212331
-0.00181081
-0.00151884
-0.00141573
-0.00172174
-0.00223748
-0.00184054
-0.00167441
-0.00316902
-0.00238693
-0.0015321
-0.000710491
-0.000770872
0.000319521
0.000724824
-0.00153559
-0.000227333
-0.00250868
-0.00310247
-0.00263754
-0.000764648
4.51651e-05
0.00156037
-0.000594465
0.0346328
0.117742
0.0450317
0.0488511
0.030478
0.0296029
0.078972
0.184635
0.0123737
0.0116972
0.0115942
-0.00207122
-0.0265441
0.00634876
0.00713843
0.0500313
0.0198688
-0.0127441
0.0172556
0.0163902
-0.00307404
-0.00380176
0.0104152
0.0224758
0.0267077
0.0354848
0.0199582
0.019737
0.0321521
0.0199733
0.0811391
0.050912
0.00866294
0.0142245
0.0112269
0.0564693
0.00948964
0.047972
0.0218523
0.0160497
0.0156924
0.0220283
0.0401832
0.0515945
0.0328471
0.0314524
0.0307861
0.0314964
-0.0245826
-0.0985066
-0.056443
-0.0725232
-0.020297
0.0284577
0.0143582
0.00819391
0.010656
-0.0658118
-0.0489215
-0.060981
-0.0330357
-0.0297217
0.0274857
-0.000278824
-0.00422138
0.0118668
-0.0184986
0.0273974
-0.000336376
0.0174697
0.012545
0.0284359
0.0300382
-0.00381811
-0.0165809
-0.0190496
-0.00926375
-0.00765442
0.0022607
-0.00237691
-0.00966475
-0.00905476
-0.0195457
-0.0229115
-0.0137179
-0.0109661
-0.00472632
-0.0544923
-0.0591435
0.0801692
0.0348174
0.0144566
0.0333337
0.0249376
0.0156126
0.0134156
0.0109224
0.0197653
0.0108651
-0.00908466
-0.00964435
-0.0085742
-0.00862673
-0.0213128
-0.00396731
0.0114352
-0.0433453
-0.0205837
-3.07437e-05
-0.0461013
0.00598309
-0.0131053
-0.0132581
-0.0155191
-0.0167787
-0.000218454
-0.00266297
0.00446648
-0.00664251
-0.0161738
0.00524352
0.00522422
-0.00230879
0.0328253
0.00838853
0.0073918
0.0266262
0.0332748
0.0552995
0.0230457
0.00548426
0.0404092
0.0459238
0.0176048
0.00391556
0.010648
0.0220919
-0.00381616
0.00946615
0.0269435
0.0333501
0.0365407
-0.00169555
0.000760152
0.00904907
0.00191483
0.00197358
0.00420741
0.00802178
0.00519862
-0.0122699
-0.0117168
-0.0152174
-0.0161642
-0.0178232
-0.0186738
-0.0239567
-0.0232706
0.000592029
0.0033625
0.00268464
0.00120751
0.00464083
0.00591532
-0.00127238
0.00142862
-0.00174233
-0.00336156
0.00560326
0.00286109
-0.00158018
0.0353548
0.0395674
0.0400547
0.0408554
0.0428437
0.0396055
0.0399583
0.0385014
0.0319991
0.0375821
0.0385749
0.0329382
0.0263674
0.0201942
0.0121643
0.0432702
0.0335476
0.0320735
0.0293877
0.0381384
0.0169274
0.0107508
0.0149123
0.0355773
0.0327769
0.0405265
0.0279585
0.030879
0.0217018
0.0250798
0.0333083
0.0327453
0.0334504
0.0346315
0.030319
0.0344587
0.0258293
0.0189029
0.0260322
0.00989623
0.0108584
0.0276748
0.0340813
0.0395267
0.042823
0.039407
0.0365054
0.0396468
0.0345673
0.0358525
0.0371469
0.036996
0.0282011
0.0209076
0.0217762
0.0378152
0.036457
0.0336879
0.0296884
0.0357248
0.0339439
0.0106925
-0.00524116
0.0741311
-5.55284e-05
0.00788867
0.00131264
0.015524
-0.00662152
0.0352525
-0.0185114
0.0025302
0.00806649
-0.00188356
-0.00209477
-0.0311392
-0.0336949
-0.0214493
-0.0112585
-0.0115823
0.0123787
-0.045324
0.0349828
-0.00739462
-0.00734753
-0.00606985
0.0311074
0.0165663
0.0250226
0.0218643
0.013089
0.0303397
0.0301932
-0.000802089
-0.00440793
-0.000616124
-0.00467064
-0.00402576
0.00518649
2.32265e-05
-0.00386059
-0.00527901
0.00177388
-0.00811981
0.00426186
0.00639447
0.00988643
0.00884071
0.00994222
0.00629896
0.0200687
0.0194836
-0.00367134
-0.00234069
0.002962
0.000113118
-0.00487835
-0.00557041
-0.00496378
-0.00140492
-0.00147615
-0.00213465
-0.00215492
-0.00197245
-0.00246034
-0.00149771
-0.00146424
-0.00215583
-0.00249383
-0.00214225
-0.00235753
-0.00182456
-0.00198606
-0.002197
-0.000838832
0.0126017
0.0136261
0.00822772
0.0120581
0.0108912
0.00734628
0.0133377
0.0373355
0.0357292
0.0196567
0.0198843
0.0147372
0.0179408
-0.0140189
-0.00583159
-0.00313791
-0.00433378
-0.00211431
-0.00239384
-0.00288638
-0.00256829
0.0291335
-0.0140176
-0.0113335
0.0273696
0.0287618
0.025739
0.0256484
0.0258824
0.0207329
0.0243754
0.019814
0.0231455
0.0230798
0.0259891
-0.0145619
-0.000408951
-0.00614908
-0.00135421
-0.00210473
-0.00236719
-0.00190896
-0.00155302
-0.000765916
-0.00134935
-0.00141651
-0.00168041
-0.000197397
-0.0020601
-0.00181074
-0.00197923
-0.0019365
-0.00104492
-0.00076641
-5.57695e-05
-0.00128497
-0.00129429
-0.00162143
-0.00168568
-0.00173596
-0.00202501
-0.00192795
-0.00185157
-0.00209343
-0.00194854
-0.00153256
-0.00138299
-0.00117404
0.000524296
-0.00024709
0.000506875
-0.00844944
-0.00888895
-0.00732543
0.00480138
-0.00612778
-0.00121463
0.00126931
-0.000483831
0.203267
0.204104
0.206067
0.00276501
0.00707333
0.0156143
0.0116064
0.0280262
-0.0284543
-0.0217306
-0.000444332
-0.0124705
-0.0116635
-0.00335337
-0.0036207
-0.00194945
-0.00931674
-0.000416115
-0.0108998
-0.00944543
0.052327
0.0473372
0.0440922
-0.00932255
-0.0107529
-0.00993176
-0.00921074
-0.0109766
-0.0108502
-0.0222242
0.00818965
-0.000617539
0.00733453
0.0132836
0.022685
0.0140104
0.00584725
0.0171687
0.00622111
0.00479028
-0.000527462
0.00667368
-0.00773937
0.017135
-0.015193
0.0316617
-0.0133424
0.0122518
0.0139531
0.000425586
-0.0289229
-0.0584401
-0.00156334
-0.00316753
-0.00149594
-0.000783514
-0.00181721
0.0027845
0.0156461
0.0158008
-0.0132942
0.0218953
0.0215174
0.0883132
0.0193269
0.0101303
0.0151952
0.0195329
0.0260895
0.0285405
0.0192853
0.0196792
0.0168697
0.0177686
0.0123083
0.0234487
0.020794
0.0270742
-0.00212459
-0.0016472
-0.00171479
-0.00169602
-0.0016792
-0.00162391
-0.000531243
0.036237
0.0228801
0.0188538
0.00991604
0.0100413
0.00974844
0.0104769
0.00548078
0.00657101
0.0246547
0.0259832
0.0107888
0.00977123
0.0316704
0.0276225
0.0167167
0.00415179
-0.00762663
-0.00157538
0.0183584
0.0223405
0.0119294
0.0114913
0.0125549
0.0135847
0.00379305
-0.0289607
-0.0331792
-0.00167999
-0.0329352
-0.0295279
-0.0261739
-0.000977814
-0.00134135
0.000154655
0.0253339
0.0231904
0.0231777
0.0283839
0.0195772
0.0173852
0.025585
0.0293113
0.0387397
0.0429989
0.0181706
0.00191923
0.00478946
0.00693087
0.0182332
0.00605966
0.00601672
0.0038189
0.00263881
-0.0138078
-0.00536405
-0.00486774
-0.00762387
0.00306031
0.00521616
0.0215142
0.0134642
-0.0091678
-0.0134025
-0.00276792
-0.00510599
0.00452501
0.00897409
0.0165514
0.0175613
0.00216131
0.0020087
0.0233664
0.0257759
0.0116091
0.0186884
0.00526103
-0.00439931
0.0118781
0.0179534
0.014026
0.0118413
0.00865451
0.00283851
0.00868474
0.0185559
0.0192104
0.0183896
0.0171533
0.0192228
0.0222327
0.0204272
0.0169053
0.0242101
0.0230857
0.0202177
0.017684
0.0154731
0.0195607
0.0218291
0.021587
0.0190904
0.0172796
0.0119305
0.0130812
0.00912428
0.0165782
0.0254933
0.0208014
0.0135348
0.0160815
0.0183911
0.020235
0.0193054
0.0239066
0.0125501
0.0124101
0.0116912
0.012172
0.0111568
0.0105853
0.01135
0.0111868
0.0121837
0.0122311
0.0136467
0.0145365
0.0148369
0.0155221
0.0148954
0.015165
0.015308
0.0156514
0.0158096
0.0161907
0.0158984
0.0155572
0.0157058
0.0152821
0.0151512
0.0156076
0.0147124
0.0149287
0.0151819
0.0147163
0.0147061
0.0149454
0.0149844
0.0152089
0.0149882
0.0152533
0.0146293
0.0146499
0.0138898
0.0137955
0.0133583
0.0129151
0.0134845
0.0140801
0.0149917
0.0140422
0.0134405
0.0134079
0.0156101
0.0162318
0.0160373
0.015455
0.0154273
0.01527
0.0153485
0.0150881
0.0158747
0.0148544
0.0173447
0.0170977
0.0178482
0.0184818
0.0182541
0.0172444
0.0159575
0.0157396
0.0155253
0.0158627
0.016686
0.0165175
0.017713
0.0177527
0.0193014
0.0200029
0.0204289
0.0210903
0.0204791
0.0211056
0.0189232
0.0193666
0.016606
0.0167461
0.0158468
0.015679
0.0174513
0.0169913
0.0168958
0.0172949
0.0187897
0.0213077
0.0234382
0.0225001
0.0198348
0.0170188
0.017712
0.016661
0.0166565
0.0165396
0.0176565
0.0169245
0.0170142
0.0178457
0.0195501
0.0204034
0.0205843
0.0212848
0.0196408
0.0197961
0.0165404
0.0174008
0.0172876
0.0164019
0.0160601
0.0158268
0.0160625
0.0159233
0.0177306
0.0173663
0.0188118
0.020231
0.021425
0.0212113
0.0199298
0.0175824
0.0184242
0.017357
0.0176654
0.0169963
0.0190065
0.019735
0.0193506
0.0180275
0.0184066
0.017613
0.0169459
0.0165669
0.0165234
0.0162588
0.0161523
0.0167794
0.0177494
0.0187537
0.0195051
0.0197265
0.0188432
0.0173974
0.0165745
0.0159885
0.0165589
0.0156903
0.0156845
0.016127
0.0170183
0.0173975
0.0178681
0.0177538
0.0172358
0.0189181
0.0175063
0.0179537
0.0167456
-0.000602165
-0.00125448
0.00169124
0.0016961
-0.00145835
-0.00508714
-0.00736168
-0.00736701
-0.00785897
-0.00783499
-0.00626342
-0.00401752
-0.00486758
-0.00145073
0.000237296
-0.00353533
-0.0053142
-0.00485972
-0.00305433
-0.00181461
-0.00234326
0.000574577
0.018493
0.0151239
0.0165212
0.017829
0.0168743
0.0161196
0.0165765
0.016964
0.0174838
0.017344
0.0186668
0.0182639
0.0216541
0.0215481
0.0234376
0.0240352
0.0243293
0.0248533
0.0247495
0.0252218
0.0259281
0.0265034
0.0278528
0.0282902
0.0290125
0.0282955
0.0299264
0.0288869
0.0286512
0.0295496
0.0274027
0.0285032
0.0293859
0.0280834
0.0257453
0.0263894
0.0250468
0.0255608
0.0239535
0.0238406
0.0217118
0.0207121
0.0179069
0.0164844
0.0159639
0.0148149
0.015313
0.0141279
0.0152401
0.016219
0.0157591
0.0169383
0.0279524
0.0287397
0.0277722
0.0274177
0.0290839
0.0287354
0.0307336
0.0309345
0.0331313
0.0333911
0.0362065
0.0382081
0.0381502
0.0392706
0.0369318
0.0380258
0.0342069
0.0340054
0.0310742
0.0300728
0.0312525
0.0310175
0.0306019
0.030847
0.0324704
0.0319162
0.0346364
0.0350831
0.0422834
0.0380578
0.0382814
0.043548
0.0465447
0.043232
0.0387252
0.0393579
0.0332854
0.0339148
0.0319989
0.0313425
0.0316275
0.0307623
0.0298465
0.0313874
0.0339685
0.0340019
0.0370783
0.0379621
0.0398072
0.0415702
0.0411867
0.0435954
0.0407682
0.0388217
0.0335025
0.0360541
0.0359704
0.0320875
0.0310976
0.0303624
0.0292288
0.0270056
0.0267952
0.0290795
0.0342662
0.0322922
0.03284
0.0356566
0.0352278
0.0341244
0.0287629
0.0310303
0.0308768
0.0283097
0.0268105
0.0262773
0.0262387
0.0258529
0.032322
0.0321786
0.0343355
0.0366958
0.0389262
0.0393354
0.0386699
0.0344087
0.0369789
0.0331349
0.0299703
0.0281543
0.0333073
0.0319275
0.0331461
0.0325439
0.0324625
0.0311223
0.029365
0.0281426
0.0278403
0.0326269
0.0326031
0.0337389
0.0358312
0.0405967
0.038164
0.041293
0.0389313
0.0355593
0.0336841
0.0293242
0.0301085
0.0300694
0.031238
0.0328731
0.0349031
0.0363504
0.0357139
0.0340998
0.0320822
0.0179104
0.0186824
0.0181515
0.0193014
0.0212563
0.0227363
0.02355
0.023852
0.0249829
0.02599
0.0263186
0.0269239
0.0274276
0.0258111
0.0269238
0.0248312
0.0242334
0.0230555
0.0212375
0.0191511
0.017671
0.0169729
0.018134
0.0185225
0.0354004
0.0365811
0.0304512
0.032605
0.0193101
0.0197238
0.0190886
0.0195946
0.0210073
0.02195
0.0226023
0.0227764
0.0236858
0.0240726
0.0236531
0.0254318
0.0251517
0.0250215
0.0253365
0.0232866
0.0230133
0.0222167
0.0210912
0.02007
0.0190405
0.0184756
0.0193354
0.0198131
0.021833
0.0207619
0.0326352
0.0131765
0.0269208
0.0158327
0.0117857
0.0116593
0.0377307
0.0398163
0.0405626
0.0503778
0.0403884
0.0417856
0.0419824
0.0474253
0.0435922
0.0492676
0.0462995
0.0310129
0.0379346
0.0495257
0.0305429
0.034968
0.0350414
0.0366927
0.0320998
0.0187891
0.0187446
0.0125538
0.0133097
0.0131892
0.0129456
0.0120991
0.0128062
0.0120379
0.0126365
0.0126479
0.0130533
0.0134403
0.013413
0.013977
0.0136202
0.0141004
0.0137692
0.0145263
0.0140386
0.0148006
0.0142048
0.0147937
0.0141629
0.0146144
0.0141636
0.0142818
0.0147821
0.0144049
0.0139495
0.014196
0.0145677
0.0139536
0.013658
0.0141472
0.0136559
0.0141405
0.0136726
0.013824
0.0137281
0.013592
0.0137951
0.0134959
0.0133235
0.0132943
0.0133358
0.0133336
0.0132186
0.0132685
0.0132772
0.0135205
0.0116747
-0.00661762
-0.0148876
0.0536424
0.00254752
-0.0151935
-0.0760566
-0.0832574
0.0283752
0.0119794
-0.0960572
-0.0153071
0.0414615
0.0160578
0.0285926
-0.000945797
0.0875208
-0.0253692
0.0263221
-0.00153279
0.0287938
-0.0361369
-0.115544
0.045519
0.0293926
0.0176127
0.00610151
0.0170176
0.0938318
0.200012
0.019229
0.0457965
0.0545054
0.0343445
0.0247002
0.190576
0.0183236
0.00258472
0.0509
0.0368646
0.0392512
-0.00401515
0.20325
0.209551
-0.00211408
-0.00106466
0.0398886
-0.00845908
0.0940455
-0.00522579
0.0169853
-0.0140472
0.0199823
0.0196357
-0.00767509
0.030011
0.0310749
0.0153656
0.00634715
-0.00240137
0.000109981
-0.0108205
0.0355462
0.0504206
0.0432894
0.0214073
0.0243291
0.0213212
0.0262789
0.0275451
0.0191408
0.0286504
0.0200233
0.0391865
0.0139624
0.0393692
0.0194852
0.0194985
0.0184894
0.0186461
0.0190512
0.0187765
0.0196056
0.0186978
0.0198189
0.0190564
0.0193548
0.0192741
0.0187915
0.0196461
0.0195587
0.019566
0.0184958
0.0196877
0.019723
0.0211132
0.0201973
0.018186
0.0226394
0.0186717
0.0200939
0.02043
0.0205049
0.0187164
0.0221495
0.019492
0.0198766
0.0170633
0.0192037
0.0204536
0.0174619
0.0194922
0.0197705
0.0195509
0.0203919
0.0203589
0.0209805
0.0215746
0.0211676
0.0179107
0.0203006
0.0203279
0.0203565
0.019156
0.0199916
0.0224675
0.0190816
0.0195319
0.0206302
0.0184363
0.0209602
0.0197815
-0.00585366
0.00611464
-0.00531021
-0.00626998
0.0130658
0.0165985
0.00826394
0.00797302
0.00409429
0.00347738
0.000261567
0.000488562
-0.00583659
-0.011188
-0.0186305
-0.022272
-0.0278386
-0.0280841
0.0138175
0.0135791
0.0136185
0.0138454
0.0138717
0.0133091
0.0134437
0.0133562
0.0210177
0.0229985
0.0209008
0.0208272
0.0209337
0.0237598
0.0227076
0.0225059
0.0202517
0.0873021
0.120566
0.100653
0.0847073
0.106957
0.162544
0.129898
0.164007
0.144275
0.158325
0.00934569
0.0271985
0.0343503
0.0356058
0.057245
0.0435323
0.0532415
0.0124094
0.0170099
0.0368567
0.0360589
0.0477461
0.0501585
0.0326711
0.0308579
0.0253332
0.0112649
0.0160885
0.00931909
0.00990064
0.00877617
0.0376138
0.0464064
0.0213543
0.0118559
0.00873631
0.00798627
0.0196801
0.00849166
0.0099833
0.0367786
0.0385991
0.0324005
0.0328381
-0.0022283
-0.00244513
-0.0128766
-0.0147278
-0.00197598
-0.000941944
-0.0168217
-0.0132569
0.00931353
0.0240414
-0.0125021
-0.0179954
0.00930091
0.00914928
0.0135497
0.0197861
0.00155068
0.0021087
0.0180088
-0.00512638
-0.0049672
-0.0121541
-0.00939248
0.0189553
0.0277136
0.0281119
0.00500763
-0.16425
-0.119127
0.033238
0.0296258
0.00373968
0.00798715
0.0128942
0.00742938
0.0444333
0.0408051
0.0384474
0.0424026
0.0135278
0.0315093
0.0329276
0.0179675
-0.0671971
-0.0453179
-0.0762532
-0.0999496
-0.158333
-0.0831996
-0.104944
-0.0998659
-0.101379
-0.0907522
-0.160382
-0.0239888
-0.0212808
-0.0197189
-0.0249717
0.0190195
0.0499439
0.0272791
-0.0408765
-0.145098
-0.030361
-0.0678256
-0.1734
-0.0279692
-0.0217923
-0.0153839
-0.0207389
-0.0340987
-0.0261444
-0.0253369
-0.0195624
-0.0288058
-0.0251807
-0.0193477
-0.0120711
0.0037327
-0.00314122
0.00275462
0.0212645
-0.0396007
-0.00728421
-0.0287695
-0.0484103
0.0058935
0.0116137
0.0167555
0.044654
0.00881519
0.02523
0.00483189
0.00976105
-0.00600417
0.000257624
-0.00303365
-0.00223408
-4.28614e-05
0.0280705
0.00387242
0.0115363
0.0140248
0.00326793
0.00605611
0.00472449
-0.0325413
-0.0131838
-0.0245454
-0.0440028
-0.104762
-0.0857829
-0.0884509
-0.11256
-0.0576145
-0.0541326
-0.056126
-0.0243222
-0.0118796
-0.00793935
-0.00631881
-0.0112945
-0.00495644
0.000769317
0.00162964
-0.00321673
0.00215369
0.004568
-0.00218721
-0.00591895
0.00179733
-0.000523154
0.0042075
0.00598078
-0.00142053
-0.00502587
-0.0094628
-0.00116775
-0.00668756
0.0304004
0.0318058
0.0309234
0.0309465
-0.0316186
-0.0615333
-0.0819802
-0.0327384
0.00370259
-0.0107987
0.00993414
0.0198644
-0.0513463
-0.0446306
-0.0357819
0.00376773
0.00473755
0.00496456
-0.00229808
0.0192597
0.00249087
0.0385186
0.0402236
-0.000679243
-0.00932517
-0.00585184
0.00956573
-0.0495902
-0.0375113
-0.0531606
-0.0614129
-0.00890796
-0.00724467
-0.00853033
-0.00967418
-0.00470201
-0.00913947
-0.00971425
-0.00334996
-0.121895
0.0284261
-0.0212163
0.0337891
0.0325758
-0.0820148
-0.0709714
-0.0182488
-0.0152844
-0.0105513
-0.00435388
0.0204172
0.0263789
0.0195853
-0.00584292
0.0147122
0.00964197
-0.00536634
-0.00144461
-0.00619657
-0.0121968
-0.01685
-0.0152396
-0.00516513
-0.00479228
0.0211252
-0.0259794
-0.0238969
-0.0346948
-0.0314483
-0.0256113
-0.00888898
0.00447797
0.00899493
0.00386491
0.000486835
0.026962
0.0579409
0.0425061
0.0219286
-0.00230531
0.00223471
-0.00274028
-0.00416346
0.019332
0.0226158
0.0285682
0.0299766
0.024625
0.0305259
-0.0271557
-0.0271307
-0.0357224
-0.0316851
-0.0279859
-0.0273361
-0.0170755
-0.0306527
-0.0256616
-0.0226659
-0.0109893
-0.0176155
-0.0205436
-0.0137778
0.00282246
0.0217089
0.00177312
-0.00755944
-0.032371
-0.0328219
-0.0279155
0.0357471
-0.0166439
0.000578637
0.0304178
-0.0500249
-0.0441949
-0.0232674
-0.0182357
0.0058185
0.00441971
0.00943957
0.0120928
-0.00295206
-0.00271184
-0.000992876
0.00197997
0.016252
0.0187821
0.00425675
0.011361
-0.0103425
-0.015823
-0.0194092
-0.0156647
-0.045335
-0.033148
-0.0361769
-0.047615
-0.0148979
-0.0243586
-0.0284658
-0.0160033
-0.0285811
-0.0403049
-0.0493644
-0.0307789
-0.0296312
-0.0398601
-0.0371749
-0.0299328
-0.00450132
-0.0585084
-0.0137845
-0.0012964
-0.0044575
-0.0391844
-0.0335425
-0.0172818
-0.0605147
-0.0435784
-0.00568471
-0.0167661
0.00421273
-0.00679409
0.00360669
-0.0130698
-0.00879654
0.00253188
0.0183481
0.0129092
-0.00631759
-0.00473569
0.0288559
0.0276768
0.0450314
-0.0798495
-0.128741
-0.0780375
-0.0499041
-0.0501705
-0.112123
0.0206365
0.0222606
0.0249388
0.023393
-0.0168072
-0.0145722
-0.0716603
-0.0391552
-0.0204333
-0.0158087
-0.0145739
-0.0137434
0.0309412
0.0338262
0.031408
0.061862
0.0206151
0.0403097
0.0535766
0.0295138
0.0242148
0.0170336
0.0153741
-0.0298856
-0.0340989
0.0105082
0.00553114
-0.0326192
-0.0322606
-0.0386173
-0.0430775
-0.00487108
-0.00112614
0.000597402
-0.0104449
-0.044224
-0.0195499
-0.02132
0.00578412
-0.00867163
-0.00731358
-0.0145635
-0.00340619
0.00112702
-0.107916
-0.0550444
-0.0238853
-0.0176957
-0.0333513
-0.0283031
0.0233045
0.0178011
0.0133485
0.0185607
0.000241113
-0.00124503
0.0125515
0.00961391
-0.0220046
-0.0298462
-0.035324
0.00155666
-0.0145172
-0.0147709
-0.0220461
-0.0261351
-0.00331284
-0.00873826
-0.00949876
-0.00388971
-0.010785
0.00445221
0.00937946
-0.0233608
-0.0299507
-0.00983181
-0.0056216
-0.0045994
-0.00559454
-0.0320726
-0.0389713
-0.024859
-0.0559165
-0.0363166
-0.036565
-0.0604965
-0.0241839
-0.0218168
-0.0127891
-0.0309459
-0.03501
-0.0246208
-0.0283301
0.0294385
0.0202275
0.00525575
-0.0147497
0.0220715
0.0524458
0.00301002
0.0167462
0.0122266
0.01402
0.0719724
0.031098
-0.0158178
0.00394687
-0.0283031
0.00468315
0.0245369
0.0284634
0.0296482
0.0275186
0.0540939
0.0618523
0.175851
0.18404
-0.0133831
-0.0217093
-0.0270555
-0.0221168
-0.0401697
-0.0403335
-0.0245139
-0.0230626
-0.031573
-0.0244132
-0.0404778
-0.0832791
-0.0614933
-0.0412182
-0.025984
-0.0190763
-0.0230496
-0.0221724
-0.0220273
-0.0352888
-0.0230806
-0.0207664
-0.0228032
-0.0193818
-0.015316
-0.0182829
0.00660866
-0.00853778
-0.00359899
-0.0115937
-0.021067
-0.0210509
-0.023813
-0.0189474
-0.012119
-0.027394
-0.0225049
-0.0212017
-0.0189851
-0.0144922
0.0192985
-0.00272343
-0.019222
-0.00987263
-0.013746
-0.0198622
-0.0207887
-0.0199992
-0.0179896
-0.017032
-0.0132607
-0.0117852
-0.0168305
-0.0137435
-0.0120529
-0.0132114
-0.0154752
-0.0246858
-0.0334915
-0.0267247
-0.0186029
-0.0158904
-0.0211379
-0.0184728
-0.00889906
-0.00604397
-0.00518358
-0.00798089
-0.0133688
-0.0173811
-0.0195098
-0.0181837
-0.0200419
-0.0215874
-0.0254176
-0.0149252
-0.00731147
-0.00442616
0.00115564
-0.00583996
-0.00402426
-2.74994e-06
0.00351609
0.0269349
0.017548
0.0305998
0.0365952
0.00203309
0.0368495
0.0359217
0.00414666
0.0307877
0.00115133
0.00383576
0.0387551
0.00878965
0.0260461
0.026567
0.0208475
-0.01926
-0.0170557
-0.0473217
-0.0706604
-0.00400899
-0.0695136
0.0114966
-0.0544955
0.000155336
-0.015309
-0.0113007
0.00856209
0.0051532
-0.0572077
-0.00920196
-0.0291011
-0.00747435
0.00223762
0.000220799
0.00729745
-0.00368436
6.19582e-06
-0.00232929
-0.00684251
-0.0057682
-0.00404983
-0.0131145
-0.0142293
-0.0182838
-0.0146242
0.0193812
0.0209879
0.0228736
0.0162357
0.0220713
0.0221144
0.0176286
0.0175133
0.022119
0.0189966
0.0173631
0.0160435
0.0133482
0.0169236
0.0218089
0.0196142
0.0141727
-6.36945e-05
-0.00662999
0.0175738
0.0208277
0.0193423
0.0172882
0.0224112
0.0155278
0.0141887
0.0103122
0.0104948
0.0157925
0.0172057
0.0172915
0.015345
0.0163025
0.0155816
0.0139986
-0.00409513
-0.00420111
-0.00435187
-0.00448832
-0.00656998
-0.00612834
-0.00509887
-0.00404604
-0.00509164
-0.00519715
-0.00467531
-0.0045434
-0.00245218
-0.00317371
-0.00435976
-0.00100871
0.0192513
0.019199
0.0183851
0.0204757
0.0196735
0.019247
0.0186015
0.0080393
0.00740281
0.0190143
0.0176862
0.00613673
-0.00190816
-0.00716628
0.00209632
0.011474
0.00825648
0.0196606
0.0153713
0.00654143
0.0168038
0.0111899
0.00563268
0.00816609
0.0172234
0.0137061
0.00708575
0.00833332
0.00733439
0.0150456
0.0138536
-0.0117364
-0.0034956
-0.0115425
-0.019883
-0.00958299
-0.002439
-0.00113283
-0.00206257
-0.00255859
-0.00284849
-0.00287866
-0.00268238
-0.00275488
-0.00234159
-0.00200483
-0.00191161
-0.00225489
-0.00260124
-0.00220149
-0.00196962
-0.00345231
-0.00277325
-0.00197178
-0.00125614
-0.00135155
-0.000252482
0.000176699
-0.00215526
-0.000880685
-0.00317071
-0.00380408
-0.00331581
-0.00127139
-0.00040833
0.00101322
-0.00115826
0.0219412
0.111381
0.0334306
0.0417505
0.0298427
0.0260189
0.074784
0.184296
0.0151678
0.0156133
0.0133691
-0.00309799
-0.0325114
0.00604518
0.00717135
0.0530954
0.0220018
-0.0118966
0.0172653
0.0163987
-0.00412365
-0.00492718
0.0106881
0.023174
0.0286719
0.0387345
0.0209977
0.0208884
0.0351045
0.0217601
0.0880091
0.0553216
0.00840553
0.0140709
0.0113378
0.0563848
0.00949083
0.0518226
0.02252
0.017257
0.0170882
0.0238771
0.0421651
0.0558766
0.0335398
0.032028
0.0314698
0.032266
-0.0220817
-0.102029
-0.0411579
-0.057906
-0.0251571
0.0323511
0.0197759
0.00522069
0.00268869
-0.0555283
-0.0569412
-0.0557795
-0.0350754
-0.0312915
0.0218044
-0.00455207
-0.00824716
0.00689051
-0.0215202
0.0277461
0.00669907
0.0105024
0.00670914
0.0290793
0.030676
-0.00497066
-0.0210563
-0.0240693
-0.0125339
-0.00976984
0.00503418
-0.000949385
-0.00737274
-0.00974428
-0.0192592
-0.0246817
-0.0143814
-0.0134702
-0.00495037
-0.0556091
-0.0583532
0.0882107
0.0450317
0.0178101
0.0322031
0.0232802
0.0123782
0.0100445
0.0106598
0.0218524
0.0142194
-0.00914351
-0.00715557
-0.00908415
-0.00955277
-0.0187783
-0.0138976
0.00726545
-0.0582619
-0.0282899
-0.00369065
-0.0438842
0.00124211
-0.0165442
-0.0164771
-0.0160249
-0.0171303
0.000688435
-0.00122758
0.00590759
-0.0103802
-0.0189713
0.00585338
0.00500686
-0.00175012
0.030348
0.00632274
0.00462345
0.0247431
0.0328664
0.0544514
0.0196618
0.00349879
0.0394276
0.0445331
0.0197185
0.00842101
0.0133134
0.0234631
-0.00294385
0.00815099
0.0275928
0.0306207
0.0342848
-0.00250076
0.00103771
0.0104062
0.00207611
0.00227337
0.00437359
0.00891547
0.00644579
-0.0134107
-0.0125571
-0.0160556
-0.0169359
-0.018359
-0.0188439
-0.0235144
-0.0234265
0.000295259
0.0036468
0.00250384
0.000949257
0.00444143
0.00578387
-0.00185268
0.00100574
-0.00222018
-0.00391988
0.00551063
0.00274586
-0.00241365
0.0384632
0.0431782
0.0417469
0.0436745
0.0463622
0.0415974
0.0429696
0.0402949
0.0347078
0.0402958
0.0403873
0.0356917
0.0283917
0.0207734
0.012744
0.0344838
0.0331072
0.0304573
0.0390407
0.0176487
0.0112831
0.0160184
0.0358375
0.0329894
0.0410371
0.0289273
0.0320824
0.0224688
0.0259772
0.0340193
0.0335779
0.0343024
0.0353842
0.0304628
0.0348501
0.0266322
0.019429
0.0268963
0.0106675
0.0118953
0.0300779
0.0370402
0.0411742
0.0434247
0.0397026
0.0367415
0.0401707
0.0357337
0.0369587
0.0382811
0.0381479
0.029289
0.021783
0.0231863
0.0388024
0.037292
0.0349968
0.0309028
0.0367654
0.0348225
0.0121008
0.00249457
0.0781151
0.00876297
0.00334249
0.0233818
-0.00189606
-0.021894
0.00288484
0.00809723
-0.000651924
-0.00166551
-0.0318894
-0.0306595
-0.0166221
-0.0082237
-0.013505
-0.00897989
-0.00913178
-0.00719065
0.0314212
0.0167424
0.0256636
0.0222313
0.0130248
0.0308565
0.0307955
-0.0010291
-0.00464736
-0.00076022
-0.00482291
-0.00420916
0.00498528
-0.000366059
-0.00413828
-0.00582386
0.00125739
-0.00892393
0.00383398
0.00610846
0.00981021
0.00877667
0.00991068
0.00625752
0.0202057
0.0196046
-0.0039695
-0.0027192
0.00290068
3.88756e-05
-0.0051125
-0.0057522
-0.00505072
-0.00187885
-0.00192523
-0.00254003
-0.00258006
-0.00244726
-0.00298888
-0.00195814
-0.00193595
-0.00256477
-0.00314209
-0.00278073
-0.00302397
-0.00223936
-0.00238279
-0.00258751
-0.00136539
0.0125549
0.0135983
0.00809746
0.0119444
0.0107723
0.00712208
0.0133144
0.0388278
0.0370175
0.0196776
0.0199014
0.0147267
0.0179462
-0.014014
-0.00508112
-0.0032044
-0.00444026
-0.00266945
-0.00299416
-0.00351085
-0.00313774
0.029553
-0.0146243
-0.0119362
0.0277986
0.0292302
0.0260444
0.0259604
0.0262888
0.020902
0.0246305
0.0199361
0.0233538
0.0232816
0.0262802
-0.0184143
-0.0010167
-0.00675207
-0.00195768
-0.00273785
-0.00300157
-0.00243224
-0.00203665
-0.00133714
-0.0018007
-0.00186749
-0.00209282
-0.000690481
-0.00264036
-0.00236229
-0.00253241
-0.00252577
-0.00163319
-0.00126294
-0.000566599
-0.00175999
-0.00178343
-0.00213757
-0.00221024
-0.00227537
-0.00265652
-0.002513
-0.00243604
-0.00271452
-0.00254527
-0.00203831
-0.00186296
-0.00165075
-1.34631e-05
-0.000782608
-0.00250571
-0.0106485
-0.0108419
-0.00943428
0.00655472
-0.00301547
-0.000838501
0.0041558
0.00379957
0.203376
0.204193
0.206224
0.00247594
0.00687843
0.0156169
0.0115298
0.0281238
-0.0239026
-0.0205747
0.00204544
-0.0126868
-0.0119189
-0.00576043
-0.00582468
-0.00261271
-0.0112727
-0.0018205
-0.0120618
-0.011183
0.0512493
0.0456035
0.0434906
-0.00589278
-0.00866389
-0.0121159
-0.0106708
-0.0109224
-0.0127664
-0.0206348
0.0103224
0.000215534
0.0110485
0.0166687
0.026208
0.0169985
0.00803549
0.0188632
0.00817067
0.00724502
-0.000366925
0.0058557
-0.00876419
0.018486
-0.0186441
0.0372459
-0.0134744
0.0131721
0.0192534
0.00211382
-0.0204406
-0.0463348
-0.0019538
-0.00385836
-0.00196721
-0.0011981
-0.00227594
0.00244707
0.0156531
0.0158161
-0.0183542
0.0220533
0.0215957
0.0193778
0.00985231
0.0261823
0.0193468
0.0197474
0.0168983
0.0178058
0.012157
0.0236432
0.0209166
0.027304
-0.00271381
-0.00207015
-0.00210869
-0.0021572
-0.00211371
-0.00207868
-0.000876348
0.0218921
0.017813
0.00818192
0.00839856
0.00908111
0.00931132
0.00457393
0.00557785
0.0234724
0.0248223
0.00934198
0.00875154
0.0315409
0.0284626
0.0200775
0.00790893
-0.00976152
-0.00444272
0.0181947
0.0220051
0.0139249
0.0130798
0.0131318
0.0137481
0.00636902
-0.0292093
-0.0202058
0.00267166
-0.0324303
-0.0300465
-0.0269347
-0.00143606
-0.00180964
-0.00788521
0.0242959
0.0221432
0.0220074
0.0271052
0.0187109
0.0164631
0.0245093
0.0282472
0.0376337
0.0425224
0.0182209
-0.00589104
-0.00276645
-0.000497138
0.00457073
0.00459342
0.00215995
0.000964446
-0.0150943
-0.00612986
-0.00606571
-0.00980455
0.00149578
0.00343187
0.0204431
0.0123449
-0.010934
-0.0167891
-0.0050361
-0.00684406
0.00261929
0.00699361
0.0147419
0.0159217
0.00118841
0.00102268
0.021937
0.0243904
0.00995449
0.0172925
0.0044716
-0.00620948
0.0102395
0.0164554
0.0137583
0.0114097
0.00728848
0.00146995
0.00703814
0.0178152
0.0184567
0.01767
0.0164568
0.0181759
0.0211941
0.0193959
0.015921
0.0231729
0.0220442
0.0192133
0.0167117
0.0145897
0.0186089
0.0208434
0.0205864
0.0182542
0.016385
0.0113869
0.0129497
0.00824741
0.0164577
0.0242398
0.0196467
0.0130101
0.0154325
0.0175847
0.0194377
0.0185241
0.0225835
0.0118191
0.0116857
0.0108186
0.0113378
0.0101316
0.00945726
0.0101687
0.00987111
0.0109058
0.0108621
0.0124047
0.0132263
0.0136938
0.0143553
0.0138582
0.0141129
0.0143102
0.0146361
0.01486
0.0152296
0.0149768
0.0146471
0.0148407
0.0144412
0.0142827
0.0147156
0.0139368
0.0141177
0.014359
0.0139526
0.0140287
0.0142649
0.0143354
0.0145497
0.0143562
0.0146179
0.0140147
0.0140467
0.0133076
0.0132397
0.0128155
0.0124274
0.0129775
0.0136324
0.0145306
0.0135131
0.0129392
0.0128515
0.0149355
0.0155519
0.0153692
0.0147851
0.0147254
0.014569
0.0145971
0.014323
0.0150723
0.0140207
0.0165283
0.0162544
0.0170483
0.0177044
0.0175119
0.0165415
0.0150956
0.0148938
0.0146873
0.0150017
0.0157808
0.0156101
0.01676
0.0168102
0.0183376
0.0190258
0.0194575
0.0201072
0.0195164
0.0201329
0.0179903
0.0184225
0.0157173
0.0158579
0.0149946
0.0148319
0.0164495
0.0160184
0.0159186
0.0162779
0.0177639
0.0202754
0.0224047
0.0214704
0.0188235
0.0160583
0.0167283
0.0157134
0.0157063
0.015591
0.016342
0.0156638
0.015737
0.0165103
0.0182606
0.019115
0.0193586
0.0200709
0.0184816
0.0186462
0.0154615
0.0163187
0.0162161
0.0153306
0.0149517
0.0147242
0.014907
0.0147587
0.016738
0.0163924
0.0178005
0.0192126
0.0204062
0.0201958
0.0189245
0.0166112
0.0174355
0.0163907
0.0163905
0.0157757
0.0177358
0.0185144
0.0181758
0.0169249
0.0172755
0.0165073
0.0158452
0.0154453
0.0153689
0.0153896
0.0152927
0.0158833
0.016817
0.017806
0.0185507
0.0187756
0.0179134
0.0164992
0.0157007
0.0152928
0.0158586
0.0149793
0.0149386
0.0153452
0.0162217
0.0166072
0.0170951
0.0170061
0.0165158
0.0179287
0.0166011
0.0167752
0.0159962
-0.00180251
-0.0027323
0.000428485
0.000671341
-0.00226907
-0.00555694
-0.00799771
-0.00784282
-0.00824903
-0.00882691
-0.00711299
-0.0051825
-0.00613885
-0.00223269
-0.00077768
-0.00420363
-0.00596992
-0.00576905
-0.00396597
-0.00296926
-0.00326747
-0.000652024
0.0177718
0.0143039
0.0155978
0.0167406
0.0188008
0.0183209
0.018987
0.0191691
0.0197185
0.019753
0.0204858
0.0202947
0.0229054
0.0228922
0.0244485
0.0250445
0.0249787
0.0255644
0.0251975
0.0255183
0.026036
0.026459
0.0276236
0.0279699
0.0286039
0.0280279
0.0295602
0.0286403
0.0283197
0.0289573
0.027553
0.0284049
0.0291795
0.0281074
0.0257418
0.0262848
0.025113
0.0255123
0.0238985
0.0237012
0.0215288
0.0204253
0.0179735
0.0166147
0.0162794
0.0151924
0.0161888
0.0152361
0.0166844
0.0174227
0.0176653
0.0185599
0.027798
0.0284962
0.0275326
0.0273216
0.0287116
0.0284951
0.0305563
0.0307938
0.0329477
0.0333968
0.0359834
0.037852
0.0378396
0.038912
0.0365801
0.0376423
0.0336989
0.0334285
0.0306889
0.0296791
0.0308373
0.0306949
0.030299
0.0304496
0.0321257
0.0316388
0.0342223
0.0346434
0.0415832
0.0374994
0.0376772
0.0427767
0.045818
0.0425707
0.0382121
0.0387786
0.0330734
0.0336827
0.0316415
0.0310641
0.0308067
0.0300939
0.029247
0.0305074
0.032491
0.0326871
0.0355913
0.0363308
0.0383846
0.0400974
0.039901
0.0422068
0.0396191
0.0377946
0.0329113
0.0352838
0.0352745
0.0316733
0.0305571
0.0298758
0.0293717
0.0273535
0.0272915
0.0293679
0.0335389
0.0319061
0.0324411
0.0347199
0.0337479
0.033023
0.0284985
0.0302716
0.0301304
0.0280936
0.0269598
0.0265249
0.0265342
0.0263628
0.0314481
0.0314
0.0331002
0.0353055
0.0375654
0.0381525
0.0376032
0.033635
0.0360611
0.0323724
0.0298704
0.0282749
0.0326746
0.0315201
0.0322671
0.0314766
0.0315957
0.0304041
0.0290262
0.0280516
0.0278849
0.0321409
0.0321682
0.0332556
0.0353243
0.0399673
0.0376096
0.0406837
0.0384255
0.035195
0.0332886
0.0290933
0.0298474
0.0295793
0.0308481
0.0325912
0.0347294
0.0360664
0.0353641
0.0336706
0.0316671
0.0196263
0.020086
0.0198653
0.0207352
0.0223193
0.023547
0.0241132
0.0243937
0.0251765
0.025983
0.0261955
0.0267561
0.0271915
0.025881
0.0268316
0.024737
0.024308
0.0231376
0.0212668
0.0191298
0.0179167
0.0175631
0.0189581
0.0196968
0.0343596
0.0359864
0.0300454
0.0324817
0.0205993
0.020801
0.020432
0.0208137
0.0219393
0.0227782
0.0233432
0.0233321
0.024005
0.0242421
0.0238409
0.0253344
0.0251284
0.0249112
0.0252537
0.023222
0.0231811
0.0223774
0.0212144
0.0200634
0.0192242
0.0188922
0.0199316
0.020617
0.0220709
0.0216766
0.0314413
0.0113326
0.0266098
0.0157093
0.0129611
0.0143365
0.0390468
0.0421757
0.0424259
0.0510201
0.0406943
0.0436819
0.0446337
0.0540411
0.0471463
0.0491801
0.0478639
0.0320633
0.0397604
0.054298
0.0319844
0.0351967
0.0371932
0.0330917
0.0188493
0.0187974
0.0117478
0.0125021
0.0124214
0.0121997
0.0112041
0.0119755
0.0110877
0.0117834
0.0117485
0.0121678
0.0125174
0.0125034
0.013004
0.0127179
0.0131415
0.0128871
0.0135797
0.0131517
0.0138831
0.0133408
0.0139124
0.0133281
0.0138019
0.0133638
0.0134558
0.0139288
0.0136346
0.0132008
0.0134121
0.0137696
0.0132639
0.0129519
0.0134917
0.0129779
0.0135198
0.0130181
0.0132067
0.013101
0.0129762
0.0131971
0.0129195
0.0127073
0.0127144
0.0127127
0.0127167
0.0125587
0.0126483
0.0125881
0.0127652
-0.0161613
-0.0121935
-0.0210084
0.0946569
0.0311653
0.0208579
0.0397198
0.0150834
0.0421442
0.0195366
0.0185436
0.0186945
0.0191093
0.0188369
0.0196611
0.0188128
0.0199513
0.019099
0.0193735
0.0193346
0.0188565
0.0197062
0.0196167
0.019629
0.0185806
0.0197496
0.0197908
0.0212036
0.0203049
0.0182824
0.0227294
0.0187415
0.0201587
0.0205071
0.0205826
0.018797
0.0222332
0.0195577
0.0199503
0.0171498
0.0192894
0.0205811
0.0175669
0.0195472
0.019833
0.0196088
0.0204726
0.0204367
0.0210756
0.0216605
0.0212554
0.0180173
0.0203651
0.0204059
0.02045
0.0192499
0.0200703
0.0225556
0.0195898
0.0207363
0.0185213
0.0210955
0.0198511
-0.00902404
0.0042809
-0.00750537
-0.00815151
0.0126982
0.0160453
0.010543
0.0105255
0.00760825
0.00654222
0.00274207
0.00323436
-0.00594034
-0.0109131
-0.0154785
-0.0204814
-0.0254962
-0.0260963
0.0130283
0.0127806
0.0128831
0.0130221
0.013102
0.012565
0.0127541
0.0126516
0.0217333
0.0229777
0.0216775
0.0210909
0.0214982
0.0236965
0.022898
0.0228851
0.0207433
0.0974994
0.0813705
0.105061
0.129111
0.143971
0.158465
0.0133054
0.0263132
0.033482
0.0344954
0.0560262
0.0419618
0.0515169
0.0157787
0.0192682
0.0346217
0.0330313
0.0461476
0.0484896
0.0313434
0.0308684
0.0263192
0.0152233
0.015939
0.0118416
0.00994635
0.00958257
0.0364831
0.045669
0.0206596
0.0116654
0.0103619
0.0110089
0.0192705
0.0123495
0.0118632
0.0379094
0.0396969
0.0328289
-0.00555819
-0.00450155
-0.0155514
-0.0172397
-0.00364543
-0.00184732
-0.018734
-0.0145158
