2 28662
2 28752
2 28765
2 28802
2 28823
2 28841
2 28878
2 28879
2 28880
2 28886
2 28900
2 28908
2 28917
2 28954
2 28995
2 29071
2 29140
2 29207
2 29296
2 29334
2 29356
2 29365
2 29397
2 29414
2 29438
2 29440
2 29470
2 29472
2 29473
2 29532
2 29534
2 29536
2 29554
2 29586
2 29587
2 29588
2 29632
2 29634
2 29638
2 29676
2 30470
2 30475
2 30526
2 30573
2 30595
2 30677
2 30702
2 30745
2 30757
2 30778
2 30819
2 30895
2 31014
2 31023
2 31028
2 31688
2 31703
2 31706
2 32421
2 32456
2 32460
2 32778
2 33103
2 33399
2 34126
2 34678
2 34909
2 34912
2 34918
2 34954
2 34964
2 34999
2 35011
2 35054
2 35117
2 35221
2 35247
2 35353
2 35356
2 35421
2 35427
2 35431
2 35443
2 35453
2 35456
2 35465
2 35468
2 35470
2 35475
2 35477
2 35481
2 35537
2 35549
2 35555
2 35568
2 35577
2 35593
2 35606
2 35813
2 35889
2 35896
2 35900
2 35907
2 35913
2 35922
2 35938
2 35961
2 35977
2 35981
2 35990
2 36111
2 36115
2 36120
2 36168
2 53175
2 53200
2 53226
2 67129
2 69829
2 70907
1 76155
2 86618
0 153306
2 153688
2 153690
2 153754
2 154237
2 154248
2 154485
2 157338
2 157453
2 157779
2 158221
2 158277
2 158618
2 158850
2 159051
2 159124
2 159836
2 159982
2 160257
2 160396
2 161213
2 161240
2 161385
2 161420
2 162582
2 162786
2 163878
2 163901
2 163995
2 164056
2 164071
2 164091
2 164107
2 164182
2 164238
2 164252
2 164369
2 165105
2 165350
2 165506
2 166147
2 166234
2 166244
2 166616
2 166625
2 166688
2 166702
2 166901
2 166910
2 166934
2 166980
2 167017
2 167074
2 167101
2 167111
2 167193
2 167311
2 167356
2 167832
2 167987
2 168312
2 168374
2 168405
2 168929
2 168962
2 168995
2 169043
2 169207
2 169405
2 170386
2 170404
2 170422
2 170441
2 170456
2 170501
2 170522
2 170592
2 170985
2 173088
2 180771
2 181537
2 182012
2 183869
2 186118
2 187310
2 187593
2 187604
2 187790
2 187795
2 187818
2 190749
2 197990
2 202589
2 212597
2 213047
2 213122
2 215058
2 219077
2 219272
2 219278
2 219288
2 219292
2 219399
2 219472
2 221098
2 221209
2 221365
2 221762
2 221999
2 223159
2 223176
2 223211
2 223271
2 223320
2 223332
2 223460
2 223471
2 223512
2 223525
2 223858
2 223990
2 224251
2 224590
2 224598
2 224617
2 224641
2 224647
2 224658
2 224693
2 224741
2 225773
2 225782
2 225791
2 225800
2 225809
2 225925
2 225940
2 233928
2 240602
2 241775
2 268815
2 268832
2 268835
2 268839
2 268849
2 268868
2 268910
2 268936
2 268943
2 268962
2 268998
2 269031
2 269105
2 269128
2 269155
2 269158
2 269190
2 269227
2 269328
2 269411
2 269519
2 269564
2 269639
2 269770
2 270780
2 271218
2 271878
2 272902
2 274071
2 274881
2 274969
2 275246
2 275342
2 275352
2 275656
2 275738
2 276009
2 276081
2 279675
2 289165
2 292797
2 294756
2 294975
2 295548
2 295583
2 302654
2 302680
2 303991
2 304068
2 304146
2 304222
2 318147
2 332012
2 332439
2 332470
2 332498
2 332684
2 333326
2 336608
2 336963
2 337163
2 337597
2 340913
2 341713
2 343297
2 344257
2 344291
2 344885
2 344898
2 345439
2 346179
2 346205
1 350568
2 351775
2 352096
2 352123
2 352128
2 353802
2 421386
2 421555
2 421803
2 421999
2 422639
2 422654
2 423207
2 425259
2 425277
2 425291
2 425305
2 426028
2 426038
2 426046
2 427555
2 427669
2 428251
2 428253
2 428264
2 429663
2 430274
2 430382
2 431259
2 434744
2 435014
2 438010
2 439229
2 441022
2 442507
2 442640
2 443572
2 443967
2 445932
2 448117
2 448785
2 450547
2 451743
2 454913
2 456053
2 456078
2 456114
2 456209
2 456385
2 460543
2 460928
2 461497
2 461543
2 461642
2 461705
2 461769
2 464046
2 464094
2 464146
2 464201
2 466275
2 466413
2 474529
2 474570
2 474627
2 474632
2 474767
2 474827
2 474910
2 475110
2 475362
2 475411
2 475909
2 475958
2 475961
2 475970
2 475983
2 476182
2 476187
2 476188
2 476191
2 476195
2 476199
2 476317
2 476326
2 476489
2 476502
2 477225
2 477364
2 477541
2 477626
2 477663
2 478078
2 478176
2 479452
2 479576
2 479697
2 480003
2 480208
2 480781
2 481055
2 481192
2 481230
2 482027
2 482406
2 482511
2 482528
2 483210
2 483217
2 483228
2 483235
2 487263
2 489615
2 489680
2 489845
2 490017
2 493447
2 493591
2 493678
2 493834
2 495033
2 499075
2 499448
2 499898
2 500000
2 500003
2 500004
2 500171
2 500514
2 500529
2 501096
2 501107
2 501130
2 505472
2 507955
2 508936
2 509872
2 510421
2 510423
2 510463
2 511200
2 511202
2 511868
2 512650
2 512651
2 514038
2 514080
2 514176
2 514870
2 516488
2 517583
2 519523
2 519524
2 519526
2 521959
2 524253
2 524306
2 524317
2 525252
2 526629
2 526701
2 526881
2 526883
2 527982
2 528432
2 529146
2 529203
2 529219
2 529224
2 529920
2 530305
2 530323
2 534408
2 535266
2 536161
2 537494
2 541945
2 541981
2 544468
2 544796
2 544894
2 544979
2 545867
2 546110
2 548733
2 549240
2 550081
2 552106
2 552441
2 553484
